Total frames: 60.0

Frame 1: 3  4  6  9  14  17  19  21  23  25  26  28  30  31  34  36  38  39  42  43  45  47  52  54  57  58  60  63  64  71  73  74  75  78  81  86  88  89  91  92  93  94  95  97  98  99  100  
Frame 2: 1  2  5  7  10  11  12  13  15  16  18  20  22  24  27  32  35  37  40  46  48  49  50  51  56  59  61  62  66  68  69  70  72  76  77  79  80  82  83  84  85  90  96  
Frame 3: 3  4  6  9  14  17  19  21  23  25  26  28  30  31  34  36  38  39  42  43  45  47  52  54  57  58  60  63  64  71  73  74  75  78  81  86  88  89  91  92  93  94  95  97  98  99  100  
Frame 4: 1  2  5  7  10  11  12  13  15  16  18  20  22  24  27  32  35  37  40  46  48  49  50  51  56  59  61  62  66  68  69  70  72  76  77  79  80  82  83  84  85  90  96  
Frame 5: 3  4  6  9  14  17  19  21  23  25  26  28  30  31  34  36  38  39  42  43  45  47  52  54  57  58  60  63  64  71  73  74  75  78  81  86  88  89  91  92  93  94  95  97  98  99  100  
Frame 6: 1  2  5  7  10  11  12  13  15  16  18  20  22  24  27  32  35  37  40  46  48  49  50  51  56  59  61  62  66  68  69  70  72  76  77  79  80  82  83  84  85  90  96  
Frame 7: 3  4  6  9  14  17  19  21  23  25  26  28  30  31  34  36  38  39  42  43  45  47  52  54  57  58  60  63  64  71  73  74  75  78  81  86  88  89  91  92  93  94  95  97  98  99  100  
Frame 8: 1  2  5  7  10  11  12  13  15  16  18  20  22  24  27  32  35  37  40  46  48  49  50  51  56  59  61  62  66  68  69  70  72  76  77  79  80  82  83  84  85  90  96  
Frame 9: 3  4  6  9  14  17  19  21  23  25  26  28  30  31  34  36  38  39  42  43  45  47  52  54  57  58  60  63  64  71  73  74  75  78  81  86  88  89  91  92  93  94  95  97  98  99  100  
Frame 10: 1  2  5  7  10  11  12  13  15  16  18  20  22  24  27  32  35  37  40  46  48  49  50  51  56  59  61  62  66  68  69  70  72  76  77  79  80  82  83  84  85  90  96  
Frame 11: 3  4  6  9  14  17  19  21  23  25  26  28  30  31  34  36  38  39  42  43  45  47  52  54  57  58  60  63  64  71  73  74  75  78  81  86  88  89  91  92  93  94  95  97  98  99  100  
Frame 12: 1  2  5  7  10  11  12  13  15  16  18  20  22  24  27  32  35  37  40  46  48  49  50  51  56  59  61  62  66  68  69  70  72  76  77  79  80  82  83  84  85  90  96  
Frame 13: 3  4  6  9  14  17  19  21  23  25  26  28  30  31  34  36  38  39  42  43  45  47  52  54  57  58  60  63  64  71  73  74  75  78  81  86  88  89  91  92  93  94  95  97  98  99  100  
Frame 14: 1  2  5  7  10  11  12  13  15  16  18  20  22  24  27  32  35  37  40  46  48  49  50  51  56  59  61  62  66  68  69  70  72  76  77  79  80  82  83  84  85  90  96  
Frame 15: 3  4  6  9  14  17  19  21  23  25  26  28  30  31  34  36  38  39  42  43  45  47  52  54  57  58  60  63  64  71  73  74  75  78  81  86  88  89  91  92  93  94  95  97  98  99  100  
Frame 16: 1  2  5  7  10  11  12  13  15  16  18  20  22  24  27  32  35  37  40  46  48  49  50  51  56  59  61  62  66  68  69  70  72  76  77  79  80  82  83  84  85  90  96  
Frame 17: 3  4  6  9  14  17  19  21  23  25  26  28  30  31  34  36  38  39  42  43  45  47  52  54  57  58  60  63  64  71  73  74  75  78  81  86  88  89  91  92  93  94  95  97  98  99  100  
Frame 18: 1  2  5  7  10  11  12  13  15  16  18  20  22  24  27  32  35  37  40  46  48  49  50  51  56  59  61  62  66  68  69  70  72  76  77  79  80  82  83  84  85  90  96  
Frame 19: 3  4  6  9  14  17  19  21  23  25  26  28  30  31  34  36  38  39  42  43  45  47  52  54  57  58  60  63  64  71  73  74  75  78  81  86  88  89  91  92  93  94  95  97  98  99  100  
Frame 20: 1  2  5  7  10  11  12  13  15  16  18  20  22  24  27  32  35  37  40  46  48  49  50  51  56  59  61  62  66  68  69  70  72  76  77  79  80  82  83  84  85  90  96  
Frame 21: 3  4  6  9  14  17  19  21  23  25  26  28  30  31  34  36  38  39  42  43  45  47  52  54  57  58  60  63  64  71  73  74  75  78  81  86  88  89  91  92  93  94  95  97  98  99  100  
Frame 22: 1  2  5  7  10  11  12  13  15  16  18  20  22  24  27  32  35  37  40  46  48  49  50  51  56  59  61  62  66  68  69  70  72  76  77  79  80  82  83  84  85  90  96  
Frame 23: 3  4  6  9  14  17  19  21  23  25  26  28  30  31  34  36  38  39  42  43  45  47  52  54  57  58  60  63  64  71  73  74  75  78  81  86  88  89  91  92  93  94  95  97  98  99  100  
Frame 24: 1  2  5  7  10  11  12  13  15  16  18  20  22  24  27  32  35  37  40  46  48  49  50  51  56  59  61  62  66  68  69  70  72  76  77  79  80  82  83  84  85  90  96  
Frame 25: 3  4  6  9  14  17  19  21  23  25  26  28  30  31  34  36  38  39  42  43  45  47  52  54  57  58  60  63  64  71  73  74  75  78  81  86  88  89  91  92  93  94  95  97  98  99  100  
Frame 26: 1  2  5  7  10  11  12  13  15  16  18  20  22  24  27  32  35  37  40  46  48  49  50  51  56  59  61  62  66  68  69  70  72  76  77  79  80  82  83  84  85  90  96  
Frame 27: 3  4  6  9  14  17  19  21  23  25  26  28  30  31  34  36  38  39  42  43  45  47  52  54  57  58  60  63  64  71  73  74  75  78  81  86  88  89  91  92  93  94  95  97  98  99  100  
Frame 28: 1  2  5  7  10  11  12  13  15  16  18  20  22  24  27  32  35  37  40  46  48  49  50  51  56  59  61  62  66  68  69  70  72  76  77  79  80  82  83  84  85  90  96  
Frame 29: 3  4  6  9  14  17  19  21  23  25  26  28  30  31  34  36  38  39  42  43  45  47  52  54  57  58  60  63  64  71  73  74  75  78  81  86  88  89  91  92  93  94  95  97  98  99  100  
Frame 30: 1  2  5  7  10  11  12  13  15  16  18  20  22  24  27  32  35  37  40  46  48  49  50  51  56  59  61  62  66  68  69  70  72  76  77  79  80  82  83  84  85  90  96  
Frame 31: 3  4  6  9  14  17  19  21  23  25  26  28  30  31  34  36  38  39  42  43  45  47  52  54  57  58  60  63  64  71  73  74  75  78  81  86  88  89  91  92  93  94  95  97  98  99  100  
Frame 32: 1  2  5  7  10  11  12  13  15  16  18  20  22  24  27  32  35  37  40  46  48  49  50  51  56  59  61  62  66  68  69  70  72  76  77  79  80  82  83  84  85  90  96  
Frame 33: 3  4  6  9  14  17  19  21  23  25  26  28  30  31  34  36  38  39  42  43  45  47  52  54  57  58  60  63  64  71  73  74  75  78  81  86  88  89  91  92  93  94  95  97  98  99  100  
Frame 34: 1  2  5  7  10  11  12  13  15  16  18  20  22  24  27  32  35  37  40  46  48  49  50  51  56  59  61  62  66  68  69  70  72  76  77  79  80  82  83  84  85  90  96  
Frame 35: 3  4  6  9  14  17  19  21  23  25  26  28  30  31  34  36  38  39  42  43  45  47  52  54  57  58  60  63  64  71  73  74  75  78  81  86  88  89  91  92  93  94  95  97  98  99  100  
Frame 36: 1  2  5  7  10  11  12  13  15  16  18  20  22  24  27  32  35  37  40  46  48  49  50  51  56  59  61  62  66  68  69  70  72  76  77  79  80  82  83  84  85  90  96  
Frame 37: 3  4  6  9  14  17  19  21  23  25  26  28  30  31  34  36  38  39  42  43  45  47  52  54  57  58  60  63  64  71  73  74  75  78  81  86  88  89  91  92  93  94  95  97  98  99  100  
Frame 38: 1  2  5  7  10  11  12  13  15  16  18  20  22  24  27  32  35  37  40  46  48  49  50  51  56  59  61  62  66  68  69  70  72  76  77  79  80  82  83  84  85  90  96  
Frame 39: 3  4  6  9  14  17  19  21  23  25  26  28  30  31  34  36  38  39  42  43  45  47  52  54  57  58  60  63  64  71  73  74  75  78  81  86  88  89  91  92  93  94  95  97  98  99  100  
Frame 40: 1  2  5  7  10  11  12  13  15  16  18  20  22  24  27  32  35  37  40  46  48  49  50  51  56  59  61  62  66  68  69  70  72  76  77  79  80  82  83  84  85  90  96  
Frame 41: 3  4  6  9  14  17  19  21  23  25  26  28  30  31  34  36  38  39  42  43  45  47  52  54  57  58  60  63  64  71  73  74  75  78  81  86  88  89  91  92  93  94  95  97  98  99  100  
Frame 42: 1  2  5  7  10  11  12  13  15  16  18  20  22  24  27  32  35  37  40  46  48  49  50  51  56  59  61  62  66  68  69  70  72  76  77  79  80  82  83  84  85  90  96  
Frame 43: 3  4  6  9  14  17  19  21  23  25  26  28  30  31  34  36  38  39  42  43  45  47  52  54  57  58  60  63  64  71  73  74  75  78  81  86  88  89  91  92  93  94  95  97  98  99  100  
Frame 44: 1  2  5  7  10  11  12  13  15  16  18  20  22  24  27  32  35  37  40  46  48  49  50  51  56  59  61  62  66  68  69  70  72  76  77  79  80  82  83  84  85  90  96  
Frame 45: 3  4  6  9  14  17  19  21  23  25  26  28  30  31  34  36  38  39  42  43  45  47  52  54  57  58  60  63  64  71  73  74  75  78  81  86  88  89  91  92  93  94  95  97  98  99  100  
Frame 46: 1  2  5  7  10  11  12  13  15  16  18  20  22  24  27  32  35  37  40  46  48  49  50  51  56  59  61  62  66  68  69  70  72  76  77  79  80  82  83  84  85  90  96  
Frame 47: 3  4  6  9  14  17  19  21  23  25  26  28  30  31  34  36  38  39  42  43  45  47  52  54  57  58  60  63  64  71  73  74  75  78  81  86  88  89  91  92  93  94  95  97  98  99  100  
Frame 48: 1  2  5  7  10  11  12  13  15  16  18  20  22  24  27  32  35  37  40  46  48  49  50  51  56  59  61  62  66  68  69  70  72  76  77  79  80  82  83  84  85  90  96  
Frame 49: 3  4  6  9  14  17  19  21  23  25  26  28  30  31  34  36  38  39  42  43  45  47  52  54  57  58  60  63  64  71  73  74  75  78  81  86  88  89  91  92  93  94  95  97  98  99  100  
Frame 50: 1  2  5  7  10  11  12  13  15  16  18  20  22  24  27  32  35  37  40  46  48  49  50  51  56  59  61  62  66  68  69  70  72  76  77  79  80  82  83  84  85  90  96  
Frame 51: 3  4  6  9  14  17  19  21  23  25  26  28  30  31  34  36  38  39  42  43  45  47  52  54  57  58  60  63  64  71  73  74  75  78  81  86  88  89  91  92  93  94  95  97  98  99  100  
Frame 52: 1  2  5  7  10  11  12  13  15  16  18  20  22  24  27  32  35  37  40  46  48  49  50  51  56  59  61  62  66  68  69  70  72  76  77  79  80  82  83  84  85  90  96  
Frame 53: 3  4  6  9  14  17  19  21  23  25  26  28  30  31  34  36  38  39  42  43  45  47  52  54  57  58  60  63  64  71  73  74  75  78  81  86  88  89  91  92  93  94  95  97  98  99  100  
Frame 54: 1  2  5  7  10  11  12  13  15  16  18  20  22  24  27  32  35  37  40  46  48  49  50  51  56  59  61  62  66  68  69  70  72  76  77  79  80  82  83  84  85  90  96  
Frame 55: 3  4  6  9  14  17  19  21  23  25  26  28  30  31  34  36  38  39  42  43  45  47  52  54  57  58  60  63  64  71  73  74  75  78  81  86  88  89  91  92  93  94  95  97  98  99  100  
Frame 56: 1  2  5  7  10  11  12  13  15  16  18  20  22  24  27  32  35  37  40  46  48  49  50  51  56  59  61  62  66  68  69  70  72  76  77  79  80  82  83  84  85  90  96  
Frame 57: 3  4  6  9  14  17  19  21  23  25  26  28  30  31  34  36  38  39  42  43  45  47  52  54  57  58  60  63  64  71  73  74  75  78  81  86  88  89  91  92  93  94  95  97  98  99  100  
Frame 58: 1  2  5  7  10  11  12  13  15  16  18  20  22  24  27  32  35  37  40  46  48  49  50  51  56  59  61  62  66  68  69  70  72  76  77  79  80  82  83  84  85  90  96  
Frame 59: 3  4  6  9  14  17  19  21  23  25  26  28  30  31  34  36  38  39  42  43  45  47  52  54  57  58  60  63  64  71  73  74  75  78  81  86  88  89  91  92  93  94  95  97  98  99  100  
Frame 60: 1  2  5  7  10  11  12  13  15  16  18  20  22  24  27  32  35  37  40  46  48  49  50  51  56  59  61  62  66  68  69  70  72  76  77  79  80  82  83  84  85  90  96  