Round 1: 11 | 30 | 38 | 44 | 97 | 98 | 
Round 2: 6 | 31 | 33 | 76 | 85 | 96 | 
Round 3: 7 | 23 | 53 | 69 | 83 | 87 | 
Round 4: 21 | 47 | 74 | 79 | 84 | 
Round 5: 6 | 35 | 48 | 49 | 52 | 
Round 6: 4 | 5 | 8 | 9 | 27 | 29 | 44 | 55 | 65 | 68 | 85 | 
Round 7: 17 | 22 | 45 | 70 | 81 | 
Round 8: 14 | 16 | 50 | 
Round 9: 38 | 57 | 64 | 82 | 
Round 10: 17 | 18 | 25 | 35 | 43 | 74 | 77 | 
Round 11: 24 | 29 | 47 | 73 | 96 | 
Round 12: 19 | 78 | 87 | 100 | 
Round 13: 34 | 36 | 84 | 
Round 14: 5 | 16 | 21 | 37 | 50 | 71 | 74 | 77 | 82 | 92 | 
Round 15: 7 | 23 | 63 | 
Round 16: 1 | 4 | 24 | 47 | 89 | 
Round 17: 24 | 61 | 65 | 79 | 
Round 18: 1 | 3 | 20 | 48 | 84 | 
Round 19: 14 | 25 | 40 | 45 | 46 | 82 | 83 | 91 | 
Round 20: 41 | 47 | 67 | 70 | 75 | 
