CENÁRIO: 100 nodes, 10 frames, 2000 bits, 5%, 4 setores, 100 m2, sem EH

Resultado do 00-LEACH-HOP:
Rounds:  [147, 172, 152, 187, 158, 138, 138, 196, 183, 169, 135, 145, 177, 133, 150, 163, 142, 124, 143, 152, 160, 179, 169, 125, 134, 147, 199, 174, 155, 246, 147, 149, 164]
Média: 159.15151515151516
Erro: 8.371436684056112

Resultado do 01-LEACH-HOP:
Rounds:  [178, 174, 134, 157, 170, 149, 166, 189, 134, 162, 142, 161, 150, 168, 156, 126, 130, 163, 170, 143, 131, 169, 135, 202, 182, 146, 177, 141, 136, 154, 172, 120, 140]
Média: 155.36363636363637
Erro: 6.674789201594059

Resultado do 10-LEACH-HOP:
Rounds:  [273, 288, 250, 269, 239, 255, 223, 318, 206, 216, 227, 231, 251, 276, 209, 226, 211, 233, 229, 248, 304, 223, 251, 271, 223, 198, 296, 213, 309, 216, 289, 253, 238]
Média: 247.33333333333334
Erro: 10.965435993702508

Resultado do 11-LEACH-HOP:
Rounds:  [205, 196, 326, 240, 190, 192, 266, 207, 197, 211, 191, 226, 187, 191, 185, 215, 188, 236, 200, 183, 207, 269, 191, 274, 196, 199, 202, 189, 270, 247, 186, 198, 218]
Média: 214.4848484848485
Erro: 11.365871428559743

__________________________________________________________________________________________

CENÁRIO: 100 nodes, 10 frames, 2000 bits, 5%, 4 setores, 100 m2, com EH (*10^-6)

Resultado do 00-LEACH-HOP:
Rounds:  [136, 138, 152, 129, 160, 155, 157, 147, 154, 126, 153, 129, 134, 132, 145, 132, 167, 180, 160, 135, 138, 140, 154, 165, 136, 171, 123, 149, 188, 146, 153, 132, 203]
Média: 149.06060606060606
Erro: 6.194613848080241

Resultado do 01-LEACH-HOP:
Rounds:  [124, 194, 125, 145, 133, 177, 123, 137, 168, 184, 160, 172, 143, 142, 147, 133, 165, 122, 224, 188, 133, 147, 139, 143, 184, 149, 131, 136, 134, 130, 163, 146, 139]
Média: 150.9090909090909
Erro: 8.121722659829352

Resultado do 10-LEACH-HOP:
Rounds:  [218, 258, 215, 260, 327, 222, 322, 279, 234, 273, 310, 212, 238, 268, 237, 253, 224, 288, 253, 231, 292, 275, 212, 272, 296, 271, 289, 341, 305, 222, 236, 276, 215]
Média: 261.3333333333333
Erro: 12.23851478732495

Resultado do 11-LEACH-HOP:
Rounds:  [186, 221, 203, 195, 191, 201, 191, 211, 183, 200, 263, 251, 191, 202, 238, 213, 246, 224, 210, 190, 181, 214, 191, 186, 223, 190, 195, 268, 225, 205, 225, 258, 222]
Média: 211.9090909090909
Erro: 8.177992747168195

__________________________________________________________________________________________

CENÁRIO: 100 nodes, 10 frames, 2000 bits, 5%, 4 setores, 100 m2

Resultado do 00-LEACH-HOP:
Rounds:  [126, 133, 127, 135, 152, 148, 139, 126, 137, 226, 129, 179, 127, 143, 175, 129, 140, 129, 155, 137, 129, 129, 145, 155, 175, 152, 196, 129, 137, 141, 154, 205, 141]
Média: 147.87878787878788
Erro: 8.245178495154116

Resultado do 01-LEACH-HOP:
Rounds:  [173, 202, 222, 202, 176, 197, 178, 147, 197, 169, 149, 160, 141, 159, 177, 178, 241, 128, 150, 214, 181, 206, 160, 137, 128, 153, 114, 136, 185, 156, 164, 131, 134]
Média: 168.03030303030303
Erro: 10.236277893494115

Resultado do 10-LEACH-HOP:
Rounds:  [221, 221, 209, 236, 262, 211, 204, 244, 236, 278, 223, 216, 220, 213, 259, 310, 228, 271, 213, 316, 317, 211, 235, 280, 236, 270, 283, 239, 272, 247, 251, 278, 270]
Média: 247.87878787878788
Erro: 10.84025066742713

Resultado do 11-LEACH-HOP:
Rounds:  [217, 221, 241, 195, 274, 219, 189, 188, 186, 185, 251, 234, 250, 230, 238, 230, 211, 188, 194, 196, 205, 210, 208, 197, 208, 188, 191, 201, 199, 221, 216, 183, 231]
Média: 211.96969696969697
Erro: 7.625813996376171