0.01
0.01
0.01
0.01
0.01
0.01
0.01
0.01
0.01
0.01
0.01
0.01
0.01
0.01
0.01
0.01
0.01
0.01
0.01
0.01
0.01
0.01
0.01
0.01
0.01
0.01
0.01
0.01
0.01
0.01
0.01
0.01
0.01
0.01
0.01
0.01
0.01
0.01
0.01
0.01
0.01
0.01
0.01
0.01
0.01
0.01
0.01
0.01
0.01
0.01
0.01
0.01
0.01
0.01
0.01
0.01
0.01
0.01
0.01
0.01
0.01
0.01
0.01
0.01
0.01
0.01
0.01
0.01
0.01
0.01
0.01
0.01
0.01
0.01
0.01
0.01
0.01
0.01
0.01
16.12
0.01
0.01
0.01
0.01
0.01
0.01
0.01
0.01
0.01
0.01
0.01
0.01
0.01
0.01
0.01
0.01
0.01
0.01
0.01
0.01
0.01
0.01
0.01
0.01
0.01
0.01
0.01
0.01
0.01
0.01
0.01
0.01
0.01
0.01
0.01
0.01
0.01
0.01
0.01
0.01
0.01
0.01
0.01
0.01
0.01
0.01
0.01
0.01
0.01
0.01
0.01
0.01
0.01
0.01
0.01
0.01
0.01
0.01
0.01
0.01
0.01
0.01
0.01
0.01
0.01
0.01
0.01
0.01
0.01
0.01
0.01
0.01
0.01
0.01
0.01
0.01
0.01
0.01
0.01
0.01
0.01
0.01
0.01
0.01
0.01
0.01
0.01
0.01
0.01
0.01
0.01
0.01
0.01
0.01
0.01
0.01
0.01
0.01
0.01
0.01
0.01
0.01
0.01
0.01
0.01
0.01
0.01
0.01
0.01
0.01
0.01
0.01
0.01
0.01
0.01
0.01
0.01
0.01
0.01
0.01
0.01
0.01
0.01
0.01
0.01
0.01
0.01
0.01
0.01
0.01
0.01
0.01
0.01
0.01
0.01
0.01
0.01
0.01
0.01
0.01
0.01
0.01
0.01
0.01
0.01
0.01
0.01
0.01
0.01
0.01
0.01
0.01
0.01
0.01
0.01
0.01
0.01
0.01
0.01
0.01
0.01
0.01
0.01
0.01
0.01
0.01
0.01
0.01
0.01
0.01
0.01
0.01
0.01
0.01
0.01
0.01
0.01
0.01
0.01
0.01
0.01
0.01
0.01
0.01
0.01
0.01
0.01
0.01
0.01
0.01
0.01
0.01
0.01
0.01
0.01
0.01
0.01
0.01
0.01
0.01
0.01
0.01
0.01
0.01
0.01
0.01
0.01
0.01
0.01
0.01
0.01
0.01
0.01
0.01
0.01
0.01
0.01
0.01
0.01
0.01
0.01
0.01
0.01
0.01
0.01
0.01
0.01
0.01
0.01
0.01
0.01
0.01
0.01
0.01
0.01
0.01
0.01
0.01
0.01
0.01
0.01
0.01
0.01
0.01
0.01
0.01
0.01
0.01
0.01
0.01
0.01
0.01
0.01
0.01
0.01
0.01
0.01
0.01
0.01
0.01
0.01
0.01
0.01
0.01
0.01
0.01
0.01
0.01
0.01
0.01
0.01
0.01
0.01
0.01
0.01
0.01
0.01
0.01
0.01
0.01
0.01
0.01
0.01
0.01
0.01
0.01
0.01
0.01
0.01
0.01
0.01
0.01
0.01
0.01
0.01
0.01
0.01
0.01
0.01
0.01
0.01
0.01
0.01
0.01
0.02
0.01
0.02
0.02
0.02
0.02
0.02
0.03
0.03
0.04
0.05
0.06
0.07
0.09
0.09
0.11
0.12
0.13
0.15
0.17
0.19
0.22
0.23
0.26
0.29
0.3
0.31
0.33
0.37
0.38
0.42
0.43
0.44
0.46
0.48
0.54
0.57
0.64
0.67
0.72
0.77
0.81
0.93
0.99
1.08
1.18
1.28
1.34
1.41
1.47
1.5
1.5
1.47
1.45
1.46
1.48
1.5
1.48
1.59
1.68
1.7
1.67
1.53
1.39
1.42
1.47
1.55
1.45
1.4
1.5
1.41
1.35
1.47
1.53
1.56
1.62
1.48
1.43
1.34
1.53
1.52
1.54
1.76
1.83
1.78
1.56
1.43
1.39
1.46
1.48
1.35
1.25
1.26
1.35
1.44
1.44
1.42
1.46
1.47
1.63
1.77
1.86
1.99
2.1
2.38
2.78
3.0
3.0
3.09
3.32
3.23
3.02
2.68
3.02
3.29
3.54
3.61
3.53
3.47
3.41
3.47
3.56
3.5
3.68
3.96
4.26
4.42
4.43
4.74
4.94
5.23
5.27
5.25
5.05
5.01
4.9
5.02
5.19
5.57
5.94
5.74
5.43
5.03
5.04
5.22
5.31
5.32
5.46
5.52
5.49
5.15
5.73
6.28
6.22
6.16
5.73
5.2
5.07
4.83
4.68
4.61
4.57
4.55
4.52
4.44
4.54
4.52
4.48
4.39
4.12
3.94
3.99
4.36
4.63
4.95
5.21
5.01
4.9
4.6
4.44
4.56
4.56
4.56
4.38
4.12
3.9
3.79
3.88
4.02
4.26
4.49
4.58
4.75
4.93
4.99
4.96
4.97
5.01
5.14
5.02
4.95
4.99
4.92
4.93
5.16
5.42
5.68
5.94
6.16
6.37
6.33
6.32
6.31
6.51
6.94
7.67
8.18
8.32
8.42
8.48
8.14
8.71
9.41
9.31
8.39
8.07
7.08
6.79
7.66
7.79
7.76
7.28
6.4
7.3
7.54
7.92
6.43
5.83
6.78
8.11
8.73
8.86
8.6
7.78
6.75
6.82
7.83
8.6
8.68
8.52
8.42
8.48
8.16
7.46
7.85
8.09
8.25
8.32
8.62
8.86
8.86
9.15
9.23
9.07
8.65
8.57
8.4
8.44
8.71
8.36
8.36
8.12
8.45
8.44
8.82
10.27
10.81
11.81
12.8
13.19
13.37
14.22
14.37
13.7
12.21
12.15
12.09
11.7
12.86
14.33
14.78
14.21
14.96
14.92
16.81
25.21
24.88
21.63
19.16
16.7
17.49
17.66
16.98
16.63
16.1
17.94
22.1
21.59
21.26
20.02
19.02
18.86
17.28
14.32
16.05
16.26
16.63
19.74
16.75
15.82
14.33
14.45
14.86
13.7
13.07
14.62
14.95
18.53
18.43
19.54
19.84
22.59
23.34
24.62
26.47
29.66
25.17
28.25
29.68
28.74
28.31
27.77
31.42
40.57
46.93
36.83
42.24
45.28
40.52
38.53
37.56
35.64
42.48
46.95
37.04
36.85
37.3
39.37
37.64
40.84
32.27
22.38
18.3
19.78
19.98
19.85
21.04
24.19
27.65
26.65
20.6
17.56
20.18
20.81
21.78
23.01
26.3
25.56
25.42
29.08
33.76
37.53
27.73
31.17
34.69
32.42
30.64
33.13
44.82
47.28
39.07
44.49
45.28
45.23
33.93
31.72
31.9
32.34
36.51
44.71
40.1
51.64
44.76
50.0
41.63
36.84
43.21
41.21
38.21
43.25
43.1
37.94
35.88
43.91
38.48
35.42
50.76
35.56
43.0
37.57
35.42
37.98
27.83
24.23
31.8
26.65
36.3
30.96
27.76
39.28
26.12
45.91
46.74
65.92
63.39
54.27
50.95
37.09
31.85
26.88
25.78
21.5
18.2
16.5
14.87
14.98
12.26
13.98
12.97
12.17
11.07
9.48
8.36
7.06
8.3
7.94
8.9
10.0
12.1
12.91
13.23
12.29
11.31
10.5
9.85
10.21
11.02
10.83
10.55
10.48
10.92
11.04
11.26
11.7
11.32
11.02
11.16
11.6
12.11
13.25
14.66
11.94
11.96
12.44
12.6
12.9
11.84
11.59
13.03
20.41
34.57
36.75
37.66
25.47
14.3
14.11
13.24
12.03
11.46
10.8
10.27
9.82
9.54
9.43
9.43
9.3
9.21
9.08
9.04
8.96
8.84
8.76
8.54
8.43
8.35
8.17
8.06
7.93
7.76
7.6
7.53
7.37
7.18
7.03
6.82
6.71
6.65
6.59
6.43
6.23
6.13
6.03
5.89
5.87
5.9
5.89
5.83
5.81
5.81
5.77
5.64
5.53
5.43
5.32
5.21
5.01
4.77
4.48
4.33
4.15
4.11
4.06
3.96
3.88
3.8
3.77
3.71
3.61
3.46
3.39
3.32
3.31
3.27
3.26
3.26
3.19
3.09
3.02
2.98
2.96
2.91
2.86
2.79
2.74
2.69
2.64
2.61
2.57
2.53
2.48
2.42
2.35
2.26
2.17
2.06
1.97
1.91
1.86
1.8
1.73
1.64
1.53
1.44
1.38
1.31
1.24
1.17
1.12
1.08
1.03
1.0
1.0
1.09
1.41
1.25
0.85
0.71
0.62
0.57
0.52
0.47
0.43
0.39
0.36
0.32
0.29
0.27
0.25
0.24
0.24
0.26
0.27
0.27
0.27
0.24
0.21
0.16
0.12
0.09
0.08
0.07
0.07
0.06
0.06
0.05
0.04
0.03
0.03
0.03
0.02
0.02
0.02
0.02
0.02
0.02
0.02
0.02
0.02
0.02
0.01
0.02
0.01
0.01
0.01
0.01
0.01
0.01
0.01
0.01
0.01
0.01
0.01
0.01
0.01
0.01
0.01
0.01
0.01
0.01
0.01
0.01
0.01
0.01
0.01
0.01
0.01
0.01
0.01
0.01
0.01
0.01
0.01
0.01
0.01
0.01
0.01
0.01
0.01
0.01
0.01
0.01
0.01
0.01
0.01
0.01
0.01
0.01
0.01
0.01
0.01
0.01
0.01
0.01
0.01
0.01
0.01
0.01
0.01
0.01
0.01
0.01
0.01
0.01
0.01
0.01
0.01
0.01
0.01
0.01
0.01
0.01
0.01
0.01
0.01
0.01
0.01
0.01
0.01
0.01
0.01
0.01
0.01
0.01
0.01
0.01
0.01
0.01
0.01
0.01
0.01
0.01
0.01
0.01
0.01
0.01
0.01
0.01
0.01
0.01
0.01
0.01
0.01
0.01
0.01
0.01
0.01
0.01
0.01
0.01
0.01
0.01
0.01
0.01
0.01
0.01
0.01
0.01
0.01
0.01
0.01
0.01
0.01
0.01
0.01
0.01
0.01
0.01
0.01
0.01
0.01
0.01
0.01
0.01
0.01
0.01
0.01
0.01
0.01
0.01
0.01
0.01
0.01
0.01
0.01
0.01
0.01
0.01
0.01
0.01
0.01
0.01
0.01
0.01
0.01
0.01
0.01
0.01
0.01
0.01
0.01
0.01
0.01
0.01
0.01
0.01
0.01
0.01
0.01
0.01
0.01
0.01
0.01
0.01
0.01
0.01
0.01
0.01
0.01
0.01
0.01
0.01
0.01
0.01
0.01
0.01
0.01
0.01
0.01
0.01
0.01
0.01
0.01
0.01
0.01
0.01
0.01
0.01
0.01
0.01
0.01
0.01
0.01
0.01
0.01
0.01
0.01
0.01
0.01
0.01
0.01
0.01
0.01
0.01
0.01
0.01
0.01
0.01
0.01
0.01
0.01
0.01
0.01
0.01
0.01
0.01
0.01
0.01
0.01
0.01
0.01
0.01
0.01
0.01
0.01
0.01
0.01
0.01
0.01
0.01
0.01
0.01
0.01
0.01
0.01
0.01
0.01
0.01
0.01
0.01
0.01
0.01
0.01
0.01
0.01
0.01
0.01
0.01
0.01
0.01
0.01
0.01
0.01
0.01
0.01
0.01
0.01
0.01
0.01
0.01
0.01
0.01
0.01
0.01
0.01
0.01
0.01
0.01
0.01
0.01
0.01
0.01
0.01
0.01
0.01
0.01
0.01
0.01
0.01
0.01
0.01
0.01
0.01
0.01
0.01
0.01
0.01
0.01
0.01
0.01
0.01
0.01
0.01
0.01
0.01
0.01
0.01
0.01
0.01
0.01
0.01
0.01
0.01
0.01
0.01
0.01
0.01
0.01
0.01
0.01
0.01
0.01
0.01
0.01
0.01
0.01
0.01
0.01
0.01
0.01
0.01
0.01
0.01
0.01
0.01
0.01
0.01
0.01
0.01
0.01
0.01
0.01
0.01
0.01
0.01
0.01
0.01
0.01
0.01
0.01
0.01
0.01
0.01
0.01
0.01
0.01
0.01
0.01
0.01
0.01
0.01
0.01
0.01
0.01
0.01
0.01
0.01
0.01
0.01
0.01
0.01
0.01
0.01
0.01
0.01
0.01
0.01
0.01
0.01
0.01
0.01
0.01
0.01
0.01
0.01
0.01
0.01
0.01
0.01
0.01
0.01
0.01
0.01
0.01
0.01
0.01
0.01
0.01
0.01
0.01
0.01
0.01
0.01
0.01
0.01
0.01
