energia
0.02
0.02
0.02
0.02
0.02
0.02
0.02
0.02
0.02
0.02
0.02
0.02
0.02
0.02
0.02
0.02
0.02
0.02
0.02
0.02
0.02
0.02
0.02
0.02
0.02
0.02
0.02
0.02
0.02
0.02
0.02
0.02
0.02
0.02
0.02
0.02
0.02
0.02
0.02
0.02
0.02
0.02
0.02
0.02
0.02
0.02
0.02
0.02
0.02
0.02
0.02
0.02
0.02
0.02
0.02
0.02
0.02
0.02
0.02
0.02
0.02
0.02
0.02
0.02
0.02
0.02
0.02
0.02
0.02
0.02
0.02
0.02
0.02
0.02
0.02
0.02
0.02
0.02
0.02
0.02
0.02
0.02
0.02
0.02
0.02
0.02
0.02
0.02
0.02
0.02
0.02
0.02
0.02
0.02
0.02
0.02
0.02
0.02
0.02
0.02
0.02
0.02
0.02
0.02
0.02
0.02
0.02
0.02
0.02
0.02
0.02
0.02
0.02
0.02
0.02
0.02
0.02
0.02
0.02
0.02
0.02
0.02
0.02
0.02
0.02
0.02
0.02
0.02
0.02
0.02
0.02
0.02
0.02
0.02
0.02
0.02
0.02
0.02
0.02
0.02
0.02
0.02
0.02
0.02
0.02
0.02
0.02
0.02
0.02
0.02
0.02
0.02
0.02
0.02
0.02
0.02
0.02
0.02
0.02
0.02
0.02
0.02
0.02
0.02
0.02
0.02
0.02
0.02
0.02
0.02
0.02
0.02
0.02
0.02
0.02
0.02
0.02
0.02
0.02
0.02
0.02
0.02
0.02
0.02
0.02
0.02
0.02
0.02
0.02
0.02
0.02
0.02
0.02
0.02
0.02
0.02
0.02
0.02
0.02
0.02
0.02
0.02
0.02
0.02
0.02
0.02
0.02
0.02
0.02
0.02
0.02
0.02
0.02
0.02
0.02
0.02
0.02
0.02
0.02
0.02
0.02
0.02
0.02
0.02
0.02
0.02
0.02
0.02
0.02
0.02
0.02
0.02
0.02
0.02
0.02
0.02
0.02
0.02
0.02
0.02
0.02
0.02
0.02
0.02
0.02
0.02
0.02
0.02
0.02
0.02
0.02
0.02
0.02
0.02
0.02
0.02
0.02
0.02
0.02
0.02
0.02
0.02
0.02
0.02
0.02
0.02
0.02
0.02
0.02
0.02
0.02
0.02
0.02
0.02
0.02
0.02
0.02
0.02
0.02
0.02
0.02
0.02
0.02
0.02
0.02
0.02
0.02
0.02
0.02
0.02
0.02
0.02
0.02
0.02
0.02
0.02
0.02
0.02
0.02
0.02
0.02
0.02
0.02
0.02
0.02
0.02
0.02
0.02
0.02
0.02
0.02
0.02
0.02
0.02
0.02
0.02
0.02
0.02
0.02
0.02
0.02
0.02
0.02
0.02
0.02
0.02
0.02
0.02
0.02
0.02
0.02
0.02
0.02
0.02
0.02
0.02
0.02
0.02
0.02
0.02
0.02
0.02
0.02
0.02
0.03
0.03
0.03
0.03
0.03
0.03
0.04
0.04
0.05
0.05
0.06
0.06
0.07
0.08
0.09
0.10
0.11
0.12
0.14
0.15
0.17
0.19
0.20
0.22
0.25
0.27
0.29
0.32
0.34
0.36
0.39
0.42
0.45
0.48
0.51
0.54
0.57
0.61
0.64
0.67
0.71
0.74
0.77
0.81
0.84
0.88
0.91
0.95
0.98
1.02
1.06
1.09
1.13
1.16
1.20
1.24
1.28
1.31
1.35
1.39
1.42
1.46
1.49
1.52
1.56
1.59
1.63
1.66
1.69
1.73
1.76
1.80
1.83
1.87
1.90
1.93
1.96
2.00
2.03
2.06
2.09
2.12
2.16
2.19
2.22
2.24
2.27
2.31
2.33
2.36
2.39
2.41
2.44
2.47
2.50
2.54
2.56
2.59
2.61
2.64
2.66
2.68
2.71
2.75
2.78
2.81
2.84
2.86
2.90
2.92
2.95
2.97
2.99
3.00
3.02
3.04
3.06
3.08
3.10
3.11
3.13
3.14
3.16
3.18
3.19
3.20
3.22
3.23
3.24
3.27
3.28
3.30
3.32
3.34
3.36
3.37
3.39
3.41
3.43
3.44
3.46
3.47
3.49
3.51
3.53
3.55
3.55
3.57
3.59
3.60
3.62
3.63
3.64
3.66
3.67
3.69
3.70
3.72
3.73
3.74
3.76
3.77
3.79
3.81
3.82
3.83
3.85
3.86
3.88
3.90
3.91
3.92
3.94
3.95
3.96
3.97
3.99
3.99
4.01
4.02
4.04
4.05
4.07
4.08
4.09
4.11
4.11
4.12
4.13
4.13
4.16
4.18
4.19
4.19
4.20
4.22
4.23
4.24
4.25
4.27
4.29
4.29
4.31
4.31
4.32
4.33
4.34
4.36
4.37
4.38
4.40
4.40
4.41
4.44
4.45
4.46
4.48
4.49
4.50
4.51
4.52
4.53
4.55
4.58
4.59
4.61
4.64
4.67
4.68
4.71
4.73
4.73
4.75
4.79
4.81
4.82
4.83
4.85
4.85
4.87
4.88
4.89
4.87
4.88
4.88
4.89
4.90
4.90
4.92
4.93
4.96
4.99
5.00
4.98
4.99
5.04
5.08
5.10
5.11
5.14
5.17
5.17
5.18
5.22
5.24
5.25
5.25
5.23
5.25
5.29
5.32
5.35
5.37
5.39
5.42
5.45
5.48
5.52
5.54
5.55
5.57
5.58
5.59
5.60
5.63
5.72
5.81
5.88
5.94
6.02
6.09
6.18
6.23
6.30
6.35
6.41
6.45
6.52
6.58
6.60
6.60
6.63
6.64
6.68
6.74
6.78
6.82
6.83
6.84
6.88
6.93
7.04
7.14
7.28
7.45
7.56
7.74
7.94
8.15
8.32
8.45
8.59
8.76
8.89
9.08
9.30
9.46
9.64
9.83
10.00
10.23
10.44
10.66
10.85
10.99
11.11
11.27
11.43
11.67
11.86
12.03
12.21
12.34
12.50
12.69
12.60
12.36
12.63
13.02
13.24
13.43
13.61
13.56
13.60
13.57
14.24
14.44
14.38
14.38
14.40
14.67
14.99
15.17
15.22
15.26
15.36
15.76
16.13
16.40
16.46
16.49
16.69
16.91
17.10
17.38
17.63
17.95
18.30
18.52
18.75
19.01
18.99
19.14
19.38
19.75
20.15
20.56
20.90
21.22
21.56
22.07
22.11
22.27
22.99
23.56
24.23
24.96
25.48
26.01
26.41
27.11
27.59
28.20
28.63
28.88
28.81
28.41
27.77
27.63
27.85
27.99
28.49
28.73
28.80
28.96
29.43
29.70
30.08
30.32
30.68
31.27
31.87
32.57
33.44
34.91
39.24
48.10
53.73
55.15
56.78
58.08
59.65
60.51
61.70
63.79
66.07
67.70
68.35
69.51
71.84
72.51
72.00
74.25
75.70
75.94
75.17
74.20
75.27
79.28
79.79
79.30
79.20
80.94
81.14
79.56
78.64
80.09
82.24
83.41
82.41
80.41
80.08
82.62
86.21
89.04
90.79
90.11
90.24
92.37
91.64
91.72
95.59
94.15
96.43
96.18
96.00
96.09
95.95
99.18
97.64
99.75
101.31
102.04
103.52
104.31
104.32
105.85
107.26
107.04
107.35
107.62
108.18
109.32
111.91
115.18
113.89
112.93
111.80
112.74
110.98
109.46
107.82
110.93
109.98
111.16
110.44
111.53
111.21
112.60
115.86
116.28
114.81
115.56
118.44
116.94
115.47
114.23
114.00
112.39
110.45
85.30
109.84
110.52
110.82
107.82
110.29
110.90
110.78
115.21
117.52
115.30
114.87
112.23
112.73
112.05
111.65
111.25
112.14
108.63
109.44
113.02
112.30
110.08
109.24
110.35
109.67
106.80
105.25
101.49
101.35
102.52
107.84
108.97
105.90
108.07
106.56
103.80
104.75
106.09
107.35
107.46
104.91
106.58
109.06
107.81
105.83
102.45
102.84
101.54
97.59
96.22
97.42
96.34
96.91
95.42
96.82
97.89
97.74
96.65
94.99
95.97
95.50
95.02
93.06
92.52
92.27
92.09
93.86
91.55
88.41
86.50
82.55
80.87
81.49
77.87
65.12
51.58
43.91
41.60
40.56
39.86
39.45
39.11
38.57
38.22
37.68
37.31
37.02
36.76
36.60
36.37
35.98
35.59
35.28
35.43
35.43
35.12
34.77
34.63
34.37
34.22
34.17
34.25
34.27
34.10
33.95
33.41
33.21
33.26
33.02
32.81
32.52
32.25
31.90
31.68
31.51
31.17
31.03
30.71
30.60
30.61
30.56
30.43
30.09
30.13
29.78
29.57
29.43
29.13
28.94
28.88
28.69
28.61
28.51
28.40
28.59
28.62
28.37
27.88
27.81
27.45
27.28
26.99
26.52
26.39
25.97
26.20
26.26
25.88
25.46
25.17
24.66
24.30
24.41
24.60
24.87
24.77
24.53
24.13
23.92
23.74
23.45
22.81
22.37
22.53
22.28
22.40
22.25
22.33
22.13
21.66
21.57
21.31
20.97
20.80
20.76
20.76
20.47
20.66
20.87
21.18
21.53
21.70
21.55
21.04
20.39
19.73
19.15
18.70
18.39
18.22
18.05
17.95
17.84
17.64
17.45
17.22
17.11
17.11
17.03
16.78
15.82
14.90
15.36
15.07
12.89
14.66
15.51
15.45
15.62
15.50
14.89
14.67
14.44
14.56
14.72
15.02
15.07
14.84
14.31
13.44
12.30
12.47
12.55
12.25
11.68
9.55
10.58
11.09
11.28
11.48
11.47
11.28
11.17
11.11
10.93
10.62
10.47
10.20
9.92
9.70
9.50
9.20
8.85
8.57
8.25
8.07
7.98
7.88
7.71
7.48
7.28
7.03
6.92
6.79
6.64
6.47
6.33
6.21
6.11
5.99
5.82
5.68
5.51
5.34
5.28
5.20
5.10
5.01
4.91
4.78
4.67
4.58
4.49
4.41
4.33
4.25
4.14
4.04
3.94
3.86
3.76
3.63
3.50
3.37
3.24
3.12
3.01
2.91
2.80
2.71
2.64
2.56
2.49
2.41
2.31
2.15
1.99
1.88
1.81
1.73
1.66
1.59
1.53
1.46
1.40
1.33
1.27
1.21
1.14
1.08
1.03
0.97
0.91
0.85
0.80
0.75
0.70
0.65
0.61
0.56
0.52
0.48
0.45
0.41
0.38
0.35
0.33
0.30
0.28
0.25
0.23
0.21
0.19
0.17
0.16
0.14
0.13
0.12
0.11
0.09
0.08
0.08
0.07
0.06
0.05
0.05
0.04
0.04
0.04
0.03
0.03
0.03
0.03
0.03
0.03
0.02
0.02
0.02
0.02
0.02
0.02
0.02
0.02
0.02
0.02
0.02
0.02
0.02
0.02
0.02
0.02
0.02
0.02
0.02
0.02
0.02
0.02
0.02
0.02
0.02
0.02
0.02
0.02
0.02
0.02
0.02
0.02
0.02
0.02
0.02
0.02
0.02
0.02
0.02
0.02
0.02
0.02
0.02
0.02
0.02
0.02
0.02
0.02
0.02
0.02
0.02
0.02
0.02
0.02
0.02
0.02
0.02
0.02
0.02
0.02
0.02
0.02
0.02
0.02
0.02
0.02
0.02
0.02
0.02
0.02
0.02
0.02
0.02
0.02
0.02
0.02
0.02
0.02
0.02
0.02
0.02
0.02
0.02
0.02
0.02
0.02
0.02
0.02
0.02
0.02
0.02
0.02
0.02
0.02
0.02
0.02
0.02
0.02
0.02
0.02
0.02
0.02
0.02
0.02
0.02
0.02
0.02
0.02
0.02
0.02
0.02
0.02
0.02
0.02
0.02
0.02
0.02
0.02
0.02
0.02
0.02
0.02
0.02
0.02
0.02
0.02
0.02
0.02
0.02
0.02
0.02
0.02
0.02
0.02
0.02
0.02
0.02
0.02
0.02
0.02
0.02
0.02
0.02
0.02
0.02
0.02
0.02
0.02
0.02
0.02
0.02
0.02
0.02
0.02
0.02
0.02
0.02
0.02
0.02
0.02
0.02
0.02
0.02
0.02
0.02
0.02
0.02
0.02
0.02
0.02
0.02
0.02
0.02
0.02
0.02
0.02
0.02
0.02
0.02
0.02
0.02
0.02
0.02
0.02
0.02
0.02
0.02
0.02
0.02
0.02
0.02
0.02
0.02
0.02
0.02
0.02
0.02
0.02
0.02
0.02
0.02
0.02
0.02
0.02
0.02
0.02
0.02
0.02
0.02
0.02
0.02
0.02
0.02
0.02
0.02
0.02
0.02
0.02
0.02
0.02
0.02
0.02
0.02
0.02
0.02
0.02
0.02
0.02
0.02
0.02
0.02
0.02
0.02
0.02
0.02
0.02
0.02
0.02
0.02
0.02
0.02
0.02
0.02
0.02
0.02
0.02
0.02
0.02
0.02
0.02
0.02
0.02
0.02
0.02
0.02
0.02
0.02
0.02
0.02
0.02
0.02
0.02
0.02
0.02
0.02
0.02
0.02
0.02
0.02
0.02
0.02
0.02
0.02
0.02
0.02
0.02
0.02
0.02
0.02
0.02
0.02
0.02
0.02
0.02
0.02
0.02
0.02
0.02
0.02
0.02
0.02
0.02
0.02
0.02
0.02
0.02
0.02
0.02
0.02
0.02
0.02
0.02
0.02
0.02
0.02
0.02
0.02
0.02
0.02
0.02
0.02
0.02
0.02
0.02
0.02
0.02
0.02
0.02
0.02
0.02
0.02
0.02
0.02
0.02
0.02
0.02
0.02
0.02
0.02
0.02
0.02
0.02
0.02
0.02
0.02
0.02
0.02
0.02
0.02
0.02
0.02
0.02
0.02
0.02
0.02
0.02
0.02
0.02
0.02
0.02
0.02
0.02
0.02
0.02
0.02
0.02
0.02
0.02
0.02
0.02
0.02
0.02
0.02
0.02
0.02
0.02
0.02
0.02
0.02
0.02
0.02
0.02
0.02
0.02
0.02
0.02
0.02
0.02
0.02
0.02
0.02
0.02
0.02
0.02
0.02
0.02
0.02
0.02
0.02
0.02
0.02
0.02
0.02
0.02
0.02
0.02
0.02
0.02
0.02
0.02
0.02
0.02
0.02
0.02
0.02
0.02
0.02
0.02
0.02
0.02
0.02
0.02
0.02
0.02
0.02
0.02
0.02
0.02
0.02
0.02
0.02
0.02
0.02
0.02
0.02
0.02
0.02
0.02
0.02
0.02
0.02
0.02
0.02
0.02
0.02
0.02
0.02
0.02
0.02
0.02
0.02
0.02
0.02
0.02
0.02
0.02
0.02
0.02
0.02
0.02
0.02
0.02
0.02
0.02
0.02
0.02
0.02
0.02
0.02
0.02
0.02
0.02
0.02
0.02
0.02
0.02
0.02
0.02
0.02
0.02
0.02
0.02
0.02
0.02
0.02
0.02
0.02
0.02
0.02
0.02
0.02
0.02
0.02
0.02
0.02
0.02
0.02
0.02
0.02
0.02
0.02
0.02
0.02
0.02
0.02
0.02
0.02
0.02
0.02
0.02
0.02
0.02
0.02
0.02
0.02
0.02
0.02
0.02
0.02
0.02
0.02
0.02
0.02
0.02
0.02
0.02
0.02
0.02
0.02
0.02
0.02
0.02
0.02
0.02
0.02
0.02
0.02
0.02
0.02
0.02
0.02
0.02
0.02
0.02
0.02
0.02
0.02
0.02
0.02
0.02
0.02
0.02
0.02
0.02
0.02
0.02
0.02
0.02
0.02
0.02
0.02
0.02
0.02
0.02
0.02
0.02
0.02
0.02
0.02
0.02
0.02
0.02
0.02
0.02
0.03
0.03
0.03
0.03
0.03
0.03
0.04
0.04
0.04
0.05
0.05
0.06
0.07
0.08
0.08
0.09
0.11
0.12
0.13
0.15
0.16
0.18
0.19
0.21
0.23
0.25
0.27
0.29
0.32
0.34
0.37
0.39
0.42
0.44
0.47
0.50
0.52
0.55
0.58
0.61
0.64
0.67
0.70
0.73
0.76
0.79
0.81
0.84
0.87
0.90
0.93
0.96
0.99
1.02
1.06
1.09
1.12
1.16
1.19
1.22
1.26
1.30
1.33
1.37
1.41
1.44
1.49
1.54
1.58
1.63
1.69
1.73
1.78
1.82
1.88
1.92
1.96
1.99
2.02
2.07
2.11
2.15
2.19
2.23
2.27
2.31
2.34
2.38
2.41
2.44
2.48
2.52
2.56
2.59
2.64
2.68
2.72
2.76
2.81
2.88
2.98
3.09
3.19
3.26
3.30
3.30
3.31
3.33
3.38
3.45
3.51
3.53
3.52
3.51
3.48
3.48
3.49
3.49
3.51
3.54
3.57
3.58
3.59
3.60
3.60
3.63
3.64
3.67
3.68
3.70
3.73
3.75
3.77
3.79
3.82
3.84
3.86
3.88
3.89
3.91
3.93
3.96
3.98
4.00
4.02
4.05
4.08
4.11
4.14
4.16
4.18
4.20
4.22
4.25
4.27
4.28
4.31
4.33
4.36
4.37
4.39
4.41
4.45
4.48
4.50
4.52
4.55
4.57
4.58
4.59
4.61
4.63
4.66
4.69
4.72
4.74
4.77
4.79
4.81
4.83
4.86
4.88
4.90
4.91
4.93
4.96
4.98
4.99
5.01
5.02
5.03
5.04
5.05
5.06
5.08
5.10
5.12
5.13
5.15
5.17
5.19
5.22
5.23
5.25
5.26
5.27
5.29
5.31
5.33
5.36
5.38
5.41
5.44
5.47
5.50
5.52
5.55
5.57
5.60
5.63
5.66
5.68
5.71
5.74
5.76
5.78
5.81
5.84
5.86
5.88
5.90
5.92
5.94
5.96
5.99
6.02
6.05
6.09
6.12
6.15
6.20
6.23
6.26
6.29
6.32
6.34
6.37
6.40
6.44
6.48
6.52
6.55
6.58
6.62
6.66
6.71
6.76
6.81
6.85
6.88
6.92
6.95
6.98
7.00
7.02
7.05
7.08
7.12
7.15
7.17
7.19
7.23
7.26
7.29
7.33
7.35
7.38
7.40
7.42
7.45
7.50
7.56
7.62
7.70
7.80
7.89
7.96
8.03
8.09
8.17
8.24
8.32
8.40
8.47
8.53
8.59
8.65
8.71
8.78
8.84
8.90
8.96
9.03
9.11
9.20
9.25
9.31
9.38
9.51
9.66
9.83
9.98
10.13
10.27
10.44
10.60
10.75
10.87
10.98
11.12
11.26
11.41
11.63
11.83
12.01
12.18
12.36
12.55
12.71
12.84
12.97
13.10
13.20
13.29
13.41
13.53
13.66
13.79
13.94
14.08
14.18
14.31
14.46
14.64
14.79
14.94
15.07
15.17
15.34
15.50
15.64
15.77
15.90
16.08
16.28
16.42
16.61
16.81
16.98
17.14
17.25
17.33
17.41
17.51
17.76
18.04
18.23
18.45
18.67
18.81
18.98
19.19
19.36
19.51
19.73
20.00
20.24
20.34
20.50
20.74
21.03
21.26
21.56
21.93
22.20
22.55
22.83
23.14
23.38
23.71
24.31
24.71
25.14
25.45
25.99
26.59
27.28
28.01
28.56
29.04
29.56
29.96
30.02
30.12
29.62
28.96
28.88
29.07
29.36
29.68
30.02
30.16
30.49
30.79
31.08
31.47
31.78
32.19
32.48
32.95
33.28
33.74
34.34
36.02
41.82
50.55
54.53
56.23
57.46
58.59
59.42
59.76
61.16
63.47
63.95
64.55
64.62
66.30
69.23
70.20
69.42
71.26
73.75
74.97
73.65
73.28
75.10
77.78
77.76
76.91
77.33
78.52
78.12
77.73
77.94
79.56
80.81
82.06
81.42
82.26
83.94
86.27
88.74
89.42
90.19
91.30
91.64
92.57
94.47
94.51
96.31
95.68
94.43
95.48
96.95
97.29
98.89
98.90
100.12
104.17
104.26
104.80
106.07
105.05
103.87
103.81
105.12
104.13
105.45
105.93
107.64
108.58
108.65
109.23
105.02
105.97
107.27
109.56
111.03
111.24
113.31
116.61
115.48
113.85
111.52
110.74
110.18
114.71
114.30
114.07
112.93
113.66
115.75
115.28
114.11
114.50
114.00
114.21
114.65
114.08
113.25
109.99
107.12
107.62
108.76
110.81
110.98
111.99
111.68
115.24
116.07
112.03
110.18
113.04
112.92
109.29
109.46
107.77
107.85
111.21
112.46
110.78
107.70
107.84
113.53
110.33
103.22
104.78
104.45
103.33
105.78
107.33
105.68
105.48
106.58
107.03
106.74
106.41
106.41
107.72
105.29
103.70
103.00
102.26
103.86
100.97
99.56
98.63
95.84
96.02
96.29
95.55
92.98
92.23
91.72
91.35
91.25
92.35
91.51
90.43
90.61
90.62
80.98
84.91
86.29
83.53
84.00
84.02
85.50
81.28
80.91
79.97
77.43
74.56
71.41
61.69
49.91
43.59
41.73
41.21
40.76
40.84
40.70
40.43
40.11
39.92
39.97
39.81
39.69
39.07
38.53
38.38
38.43
38.42
38.23
38.05
37.88
37.42
36.73
35.73
35.45
35.37
35.11
35.20
35.19
34.84
34.39
34.37
34.06
33.63
33.25
32.92
15.35
14.53
13.75
13.22
12.46
11.84
11.44
11.04
10.89
10.90
10.82
10.80
11.03
11.84
12.88
13.69
16.80
21.44
28.14
29.88
30.86
31.23
31.46
31.06
30.79
30.39
29.58
29.73
29.35
29.66
30.28
27.82
29.89
30.16
30.92
30.83
29.94
29.30
28.49
27.61
26.95
25.84
23.54
15.20
15.05
14.43
13.72
13.31
21.61
24.17
23.51
16.71
14.09
13.30
12.47
11.89
11.68
11.76
11.89
12.23
12.59
12.59
13.07
13.06
12.68
12.20
11.59
11.16
10.87
11.04
11.25
10.68
10.07
9.37
8.89
9.50
17.75
18.82
19.87
20.50
14.81
12.36
12.04
11.70
11.43
11.51
11.54
13.75
17.76
11.05
10.68
10.18
9.73
9.24
8.73
8.47
8.38
8.16
8.59
7.83
8.71
8.04
7.43
6.87
6.44
6.04
5.76
5.63
5.75
7.86
7.00
5.83
6.49
7.34
5.94
6.56
7.14
7.90
7.65
8.51
8.49
8.46
8.34
8.21
7.59
7.06
7.25
7.09
7.87
7.76
7.57
7.34
7.13
7.22
7.36
7.50
7.67
7.64
7.44
7.14
6.69
6.33
6.15
6.07
6.10
6.11
6.08
6.03
5.91
5.75
5.62
5.59
5.66
5.80
5.88
5.85
5.67
5.39
5.12
4.87
4.70
4.63
4.59
4.51
4.39
4.26
4.14
4.03
3.89
3.72
3.60
3.50
3.38
3.26
3.16
3.08
2.98
2.91
2.80
2.66
2.52
2.39
2.26
2.12
1.96
1.81
1.71
1.59
1.50
1.44
1.37
1.28
1.21
1.15
1.07
1.01
0.94
0.89
0.83
0.79
0.74
0.70
0.66
0.62
0.59
0.55
0.52
0.48
0.45
0.42
0.39
0.36
0.33
0.31
0.28
0.26
0.24
0.22
0.20
0.18
0.17
0.15
0.14
0.12
0.11
0.10
0.09
0.08
0.07
0.06
0.06
0.05
0.05
0.04
0.04
0.03
0.03
0.03
0.03
0.03
0.02
0.02
0.02
0.02
0.02
0.02
0.02
0.02
0.02
0.02
0.02
0.02
0.02
0.02
0.02
0.02
0.02
0.02
0.02
0.02
0.02
0.02
0.02
0.02
0.02
0.02
0.02
0.02
0.02
0.02
0.02
0.02
0.02
0.02
0.02
0.02
0.02
0.02
0.02
0.02
0.02
0.02
0.02
0.02
0.02
0.02
0.02
0.02
0.02
0.02
0.02
0.02
0.02
0.02
0.02
0.02
0.02
0.02
0.02
0.02
0.02
0.02
0.02
0.02
0.02
0.02
0.02
0.02
0.02
0.02
0.02
0.02
0.02
0.02
0.02
0.02
0.02
0.02
0.02
0.02
0.02
0.02
0.02
0.02
0.02
0.02
0.02
0.02
0.02
0.02
0.02
0.02
0.02
0.02
0.02
0.02
0.02
0.02
0.02
0.02
0.02
0.02
0.02
0.02
0.02
0.02
0.02
0.02
0.02
0.02
0.02
0.02
0.02
0.02
0.02
0.02
0.02
0.02
0.02
0.02
0.02
0.02
0.02
0.02
0.02
0.02
0.02
0.02
0.02
0.02
0.02
0.02
0.02
0.02
0.02
0.02
0.02
0.02
0.02
0.02
0.02
0.02
0.02
0.02
0.02
0.02
0.02
0.02
0.02
0.02
0.02
0.02
0.02
0.02
0.02
0.02
0.02
0.02
0.02
0.02
0.02
0.02
0.02
0.02
0.02
0.02
0.02
0.02
0.02
0.02
0.02
0.02
0.02
0.02
0.02
0.02
0.02
0.02
0.02
0.02
0.02
0.02
0.02
0.02
0.02
0.02
0.02
0.02
0.02
0.02
0.02
0.02
0.02
0.02
0.02
0.02
0.02
0.02
0.02
0.02
0.02
0.02
0.02
0.02
0.02
0.02
0.02
0.02
0.02
0.02
0.02
0.02
0.02
0.02
0.02
0.02
0.02
0.02
0.02
0.02
0.02
0.02
0.02
0.02
0.02
0.02
0.02
0.02
0.02
0.02
0.02
0.02
0.02
0.02
0.02
0.02
0.02
0.02
0.02
0.02
0.02
0.02
0.02
0.02
0.02
0.02
0.02
0.02
0.02
0.02
0.02
0.02
0.02
0.02
0.02
0.02
0.02
0.02
0.02
0.02
0.02
0.02
0.02
0.02
0.02
0.02
0.02
0.02
0.02
0.02
0.02
0.02
0.02
0.02
0.02
0.02
0.02
0.02
0.02
0.02
0.02
0.02
0.02
0.02
0.02
0.02
0.02
0.02
0.02
0.02
0.02
0.02
0.02
0.02
0.02
0.02
0.02
0.02
0.02
0.02
0.02
0.02
0.02
0.02
0.02
0.02
0.02
0.02
0.02
0.02
0.02
0.02
0.02
0.02
0.02
0.02
0.02
0.02
0.02
0.02
0.02
0.02
0.02
0.02
0.02
0.02
0.02
0.02
0.02
0.02
0.02
0.02
0.02
0.02
0.02
0.02
0.02
0.02
0.02
0.02
0.02
0.02
0.02
0.02
0.02
0.02
0.02
0.02
0.02
0.02
0.02
0.02
0.02
0.02
0.02
0.02
0.02
0.02
0.02
0.02
0.02
0.02
0.02
0.02
0.02
0.02
0.02
0.02
0.02
0.02
0.02
0.02
0.02
0.02
0.02
0.02
0.02
0.02
0.02
0.02
0.02
0.02
0.02
0.02
0.02
0.02
0.02
0.02
0.02
0.02
0.02
0.02
0.02
0.02
0.02
0.02
0.02
0.02
0.02
0.02
0.02
0.02
0.02
0.02
0.02
0.02
0.02
0.02
0.02
0.02
0.02
0.02
0.02
0.02
0.02
0.02
0.02
0.02
0.02
0.02
0.02
0.02
0.02
0.02
0.02
0.02
0.02
0.02
0.02
0.02
0.02
0.02
0.02
0.02
0.02
0.02
0.02
0.02
0.02
0.02
0.02
0.02
0.02
0.02
0.02
0.02
0.02
0.02
0.02
0.02
0.02
0.02
0.02
0.02
0.02
0.02
0.02
0.02
0.02
0.02
0.02
0.02
0.02
0.02
0.02
0.02
0.02
0.02
0.02
0.02
0.02
0.02
0.02
0.02
0.02
0.02
0.02
0.02
0.02
0.02
0.02
0.02
0.02
0.02
0.02
0.02
0.02
0.02
0.02
0.02
0.02
0.02
0.02
0.02
0.02
0.02
0.02
0.02
0.02
0.02
0.02
0.02
0.02
0.02
0.02
0.02
0.02
0.02
0.02
0.02
0.02
0.02
0.02
0.02
0.02
0.02
0.02
0.02
0.02
0.02
0.02
0.02
0.02
0.02
0.02
0.02
0.02
0.02
0.02
0.02
0.02
0.02
0.02
0.02
0.02
0.02
0.02
0.02
0.02
0.02
0.02
0.02
0.02
0.02
0.02
0.02
0.02
0.02
0.02
0.02
0.02
0.02
0.02
0.02
0.02
0.02
0.02
0.02
0.02
0.02
0.02
0.02
0.02
0.02
0.02
0.02
0.02
0.03
0.03
0.03
0.03
0.03
0.03
0.04
0.04
0.04
0.05
0.05
0.06
0.07
0.08
0.08
0.09
0.11
0.12
0.13
0.15
0.16
0.18
0.19
0.21
0.23
0.25
0.27
0.29
0.32
0.34
0.37
0.39
0.42
0.44
0.47
0.50
0.52
0.55
0.58
0.61
0.64
0.67
0.70
0.73
0.76
0.79
0.81
0.84
0.87
0.90
0.93
0.96
0.99
1.02
1.06
1.09
1.12
1.16
1.19
1.22
1.26
1.30
1.33
1.37
1.41
1.44
1.49
1.54
1.58
1.63
1.69
1.73
1.78
1.82
1.88
1.92
1.96
1.99
2.02
2.07
2.11
2.15
2.19
2.23
2.27
2.31
2.34
2.38
2.41
2.44
2.48
2.52
2.56
2.59
2.64
2.68
2.72
2.76
2.81
2.88
2.98
3.09
3.19
3.26
3.30
3.30
3.31
3.33
3.38
3.45
3.51
3.53
3.52
3.51
3.48
3.48
3.49
3.49
3.51
3.54
3.57
3.58
3.59
3.60
3.60
3.63
3.64
3.67
3.68
3.70
3.73
3.75
3.77
3.79
3.82
3.84
3.86
3.88
3.89
3.91
3.93
3.96
3.98
4.00
4.02
4.05
4.08
4.11
4.14
4.16
4.18
4.20
4.22
4.25
4.27
4.28
4.31
4.33
4.36
4.37
4.39
4.41
4.45
4.48
4.50
4.52
4.55
4.57
4.58
4.59
4.61
4.63
4.66
4.69
4.72
4.74
4.77
4.79
4.81
4.83
4.86
4.88
4.90
4.91
4.93
4.96
4.98
4.99
5.01
5.02
5.03
5.04
5.05
5.06
5.08
5.10
5.12
5.13
5.15
5.17
5.19
5.22
5.23
5.25
5.26
5.27
5.29
5.31
5.33
5.36
5.38
5.41
5.44
5.47
5.50
5.52
5.55
5.57
5.60
5.63
5.66
5.68
5.71
5.74
5.76
5.78
5.81
5.84
5.86
5.88
5.90
5.92
5.94
5.96
5.99
6.02
6.05
6.09
6.12
6.15
6.20
6.23
6.26
6.29
6.32
6.34
6.37
6.40
6.44
6.48
6.52
6.55
6.58
6.62
6.66
6.71
6.76
6.81
6.85
6.88
6.92
6.95
6.98
7.00
7.02
7.05
7.08
7.12
7.15
7.17
7.19
7.23
7.26
7.29
7.33
7.35
7.38
7.40
7.42
7.45
7.50
7.56
7.62
7.70
7.80
7.89
7.96
8.03
8.09
8.17
8.24
8.32
8.40
8.47
8.53
8.59
8.65
8.71
8.78
8.84
8.90
8.96
9.03
9.11
9.20
9.25
9.31
9.38
9.51
9.66
9.83
9.98
10.13
10.27
10.44
10.60
10.75
10.87
10.98
11.12
11.26
11.41
11.63
11.83
12.01
12.18
12.36
12.55
12.71
12.84
12.97
13.10
13.20
13.29
13.41
13.53
13.66
13.79
13.94
14.08
14.18
14.31
14.46
14.64
14.79
14.94
15.07
15.17
15.34
15.50
15.64
15.77
15.90
16.08
16.28
16.42
16.61
16.81
16.98
17.14
17.25
17.33
17.41
17.51
17.76
18.04
18.23
18.45
18.67
18.81
18.98
19.19
19.36
19.51
19.73
20.00
20.24
20.34
20.50
20.74
21.03
21.26
21.56
21.93
22.20
22.55
22.83
23.14
23.38
23.71
24.31
24.71
25.14
25.45
25.99
26.59
27.28
28.01
28.56
29.04
29.56
29.96
30.02
30.12
29.62
28.96
28.88
29.07
29.36
29.68
30.02
30.16
30.49
30.79
31.08
31.47
31.78
32.19
32.48
32.95
33.28
33.74
34.34
36.02
41.82
50.55
54.53
56.23
57.46
58.59
59.42
59.76
61.16
63.47
63.95
64.55
64.62
66.30
69.23
70.20
69.42
71.26
73.75
74.97
73.65
73.28
75.10
77.78
77.76
76.91
77.33
78.52
78.12
77.73
77.94
79.56
80.81
82.06
81.42
82.26
83.94
86.27
88.74
89.42
90.19
91.30
91.64
92.57
94.47
94.51
96.31
95.68
94.43
95.48
96.95
97.29
98.89
98.90
100.12
104.17
104.26
104.80
106.07
105.05
103.87
103.81
105.12
104.13
105.45
105.93
107.64
108.58
108.65
109.23
105.02
105.97
107.27
109.56
111.03
111.24
113.31
116.61
115.48
113.85
111.52
110.74
110.18
114.71
114.30
114.07
112.93
113.66
115.75
115.28
114.11
114.50
114.00
114.21
114.65
114.08
113.25
109.99
107.12
107.62
108.76
110.81
110.98
111.99
111.68
115.24
116.07
112.03
110.18
113.04
112.92
109.29
109.46
107.77
107.85
111.21
112.46
110.78
107.70
107.84
113.53
110.33
103.22
104.78
104.45
103.33
105.78
107.33
105.68
105.48
106.58
107.03
106.74
106.41
106.41
107.72
105.29
103.70
103.00
102.26
103.86
100.97
99.56
98.63
95.84
96.02
96.29
95.55
92.98
92.23
91.72
91.35
91.25
92.35
91.51
90.43
90.61
90.62
80.98
84.91
86.29
83.53
84.00
84.02
85.50
81.28
80.91
79.97
77.43
74.56
71.41
61.69
49.91
43.59
41.73
41.21
40.76
40.84
40.70
40.43
40.11
39.92
39.97
39.81
39.69
39.07
38.53
38.38
38.43
38.42
38.23
38.05
37.88
37.42
36.73
35.73
35.45
35.37
35.11
35.20
35.19
34.84
34.39
34.37
34.06
33.63
33.25
32.92
15.35
14.53
13.75
13.22
12.46
11.84
11.44
11.04
10.89
10.90
10.82
10.80
11.03
11.84
12.88
13.69
16.80
21.44
28.14
29.88
30.86
31.23
31.46
31.06
30.79
30.39
29.58
29.73
29.35
29.66
30.28
27.82
29.89
30.16
30.92
30.83
29.94
29.30
28.49
27.61
26.95
25.84
23.54
15.20
15.05
14.43
13.72
13.31
21.61
24.17
23.51
16.71
14.09
13.30
12.47
11.89
11.68
11.76
11.89
12.23
12.59
12.59
13.07
13.06
12.68
12.20
11.59
11.16
10.87
11.04
11.25
10.68
10.07
9.37
8.89
9.50
17.75
18.82
19.87
20.50
14.81
12.36
12.04
11.70
11.43
11.51
11.54
13.75
17.76
11.05
10.68
10.18
9.73
9.24
8.73
8.47
8.38
8.16
8.59
7.83
8.71
8.04
7.43
6.87
6.44
6.04
5.76
5.63
5.75
7.86
7.00
5.83
6.49
7.34
5.94
6.56
7.14
7.90
7.65
8.51
8.49
8.46
8.34
8.21
7.59
7.06
7.25
7.09
7.87
7.76
7.57
7.34
7.13
7.22
7.36
7.50
7.67
7.64
7.44
7.14
6.69
6.33
6.15
6.07
6.10
6.11
6.08
6.03
5.91
5.75
5.62
5.59
5.66
5.80
5.88
5.85
5.67
5.39
5.12
4.87
4.70
4.63
4.59
4.51
4.39
4.26
4.14
4.03
3.89
3.72
3.60
3.50
3.38
3.26
3.16
3.08
2.98
2.91
2.80
2.66
2.52
2.39
2.26
2.12
1.96
1.81
1.71
1.59
1.50
1.44
1.37
1.28
1.21
1.15
1.07
1.01
0.94
0.89
0.83
0.79
0.74
0.70
0.66
0.62
0.59
0.55
0.52
0.48
0.45
0.42
0.39
0.36
0.33
0.31
0.28
0.26
0.24
0.22
0.20
0.18
0.17
0.15
0.14
0.12
0.11
0.10
0.09
0.08
0.07
0.06
0.06
0.05
0.05
0.04
0.04
0.03
0.03
0.03
0.03
0.03
0.02
0.02
0.02
0.02
0.02
0.02
0.02
0.02
0.02
0.02
0.02
0.02
0.02
0.02
0.02
0.02
0.02
0.02
0.02
0.02
0.02
0.02
0.02
0.02
0.02
0.02
0.02
0.02
0.02
0.02
0.02
0.02
0.02
0.02
0.02
0.02
0.02
0.02
0.02
0.02
0.02
0.02
0.02
0.02
0.02
0.02
0.02
0.02
0.02
0.02
0.02
0.02
0.02
0.02
0.02
0.02
0.02
0.02
0.02
0.02
0.02
0.02
0.02
0.02
0.02
0.02
0.02
0.02
0.02
0.02
0.02
0.02
0.02
0.02
0.02
0.02
0.02
0.02
0.02
0.02
0.02
0.02
0.02
0.02
0.02
0.02
0.02
0.02
0.02
0.02
0.02
0.02
0.02
0.02
0.02
0.02
0.02
0.02
0.02
0.02
0.02
0.02
0.02
0.02
0.02
0.02
0.02
0.02
0.02
0.02
0.02
0.02
0.02
0.02
0.02
0.02
0.02
0.02
0.02
0.02
0.02
0.02
0.02
0.02
0.02
0.02
0.02
0.02
0.02
0.02
0.02
0.02
0.02
0.02
0.02
0.02
0.02
0.02
0.02
0.02
0.02
0.02
0.02
0.02
0.02
0.02
0.02
0.02
0.02
0.02
0.02
0.02
0.02
0.02
0.02
0.02
0.02
0.02
0.02
0.02
0.02
0.02
0.02
0.02
0.02
0.02
0.02
0.02
0.02
0.02
0.02
0.02
0.02
0.02
0.02
0.02
0.02
0.02
0.02
0.02
0.02
0.02
0.02
0.02
0.02
0.02
0.02
0.02
0.02
0.02
0.02
0.02
0.02
0.02
0.02
0.02
0.02
0.02
0.02
0.02
0.02
0.02
0.02
0.02
0.02
0.02
0.02
0.02
0.02
0.02
0.02
0.02
0.02
0.02
0.02
0.02
0.02
0.02
0.02
0.02
0.02
0.02
0.02
0.02
0.02
0.02
0.02
0.02
0.02
0.02
0.02
0.02
0.02
0.02
0.02
0.02
0.02
0.02
0.02
0.02
0.02
0.02
0.02
0.02
0.02
0.02
0.02
0.02
0.02
0.02
0.02
0.02
0.02
0.02
0.02
0.02
0.02
0.02
0.02
0.02
0.02
0.02
0.02
0.02
0.02
0.02
0.02
0.02
0.02
0.02
0.02
0.02
0.02
0.02
0.02
0.02
0.02
0.02
0.02
0.02
0.02
0.02
0.02
0.02
0.02
0.02
0.02
0.02
0.02
0.02
0.02
0.02
0.02
0.02
0.02
0.02
0.02
0.02
0.02
0.02
0.02
0.02
0.02
0.02
0.02
0.02
0.02
0.02
0.02
0.02
0.02
0.02
0.02
0.02
0.02
0.02
0.02
0.02
0.02
0.02
0.02
0.02
0.02
0.02
0.02
0.02
0.02
0.02
0.02
0.02
0.02
0.02
0.02
0.02
0.02
0.02
0.02
0.02
0.02
0.02
0.02
0.02
0.02
0.02
0.02
0.02
0.02
0.02
0.02
0.02
0.02
0.02
0.02
0.02
0.02
0.02
0.02
0.02
0.02
0.02
0.02
0.02
0.02
0.02
0.02
0.02
0.02
0.02
0.02
0.02
0.02
0.02
0.02
0.02
0.02
0.02
0.02
0.02
0.02
0.02
0.02
0.02
0.02
0.02
0.02
0.02
0.02
0.02
0.02
0.02
0.02
0.02
0.02
0.02
0.02
0.02
0.02
0.02
0.02
0.02
0.02
0.02
0.02
0.02
0.02
0.02
0.02
0.02
0.02
0.02
0.02
0.02
0.02
0.02
0.02
0.02
0.02
0.02
0.02
0.02
0.02
0.02
0.02
0.02
0.02
0.02
0.02
0.02
0.02
0.02
0.02
0.02
0.02
0.02
0.02
0.02
0.02
0.02
0.02
0.02
0.02
0.02
0.02
0.02
0.02
0.02
0.02
0.02
0.02
0.02
0.02
0.02
0.02
0.02
0.02
0.02
0.02
0.02
0.02
0.02
0.02
0.02
0.02
0.02
0.02
0.02
0.02
0.02
0.02
0.02
0.02
0.02
0.02
0.02
0.02
0.02
0.02
0.02
0.02
0.02
0.02
0.02
0.02
0.02
0.02
0.02
0.02
0.02
0.02
0.02
0.02
0.02
0.02
0.02
0.02
0.02
0.02
0.02
0.02
0.02
0.02
0.02
0.02
0.02
0.02
0.02
0.02
0.02
0.02
0.02
0.02
0.02
0.02
0.02
0.02
0.02
0.02
0.02
0.02
0.02
0.02
0.02
0.02
0.02
0.02
0.02
0.02
0.02
0.02
0.02
0.02
0.02
0.02
0.02
0.02
0.02
0.02
0.02
0.02
0.02
0.02
0.02
0.02
0.02
0.02
0.02
0.02
0.02
0.02
0.02
0.02
0.02
0.02
0.02
0.02
0.02
0.02
0.02
0.02
0.02
0.02
0.02
0.02
0.02
0.02
0.02
0.02
0.03
0.03
0.03
0.03
0.03
0.03
0.04
0.04
0.04
0.05
0.05
0.06
0.07
0.08
0.08
0.09
0.11
0.12
0.13
0.15
0.16
0.18
0.19
0.21
0.23
0.25
0.27
0.29
0.32
0.34
0.37
0.39
0.42
0.44
0.47
0.50
0.52
0.55
0.58
0.61
0.64
0.67
0.70
0.73
0.76
0.79
0.81
0.84
0.87
0.90
0.93
0.96
0.99
1.02
1.06
1.09
1.12
1.16
1.19
1.22
1.26
1.30
1.33
1.37
1.41
1.44
1.49
1.54
1.58
1.63
1.69
1.73
1.78
1.82
1.88
1.92
1.96
1.99
2.02
2.07
2.11
2.15
2.19
2.23
2.27
2.31
2.34
2.38
2.41
2.44
2.48
2.52
2.56
2.59
2.64
2.68
2.72
2.76
2.81
2.88
2.98
3.09
3.19
3.26
3.30
3.30
3.31
3.33
3.38
3.45
3.51
3.53
3.52
3.51
3.48
3.48
3.49
3.49
3.51
3.54
3.57
3.58
3.59
3.60
3.60
3.63
3.64
3.67
3.68
3.70
3.73
3.75
3.77
3.79
3.82
3.84
3.86
3.88
3.89
3.91
3.93
3.96
3.98
4.00
4.02
4.05
4.08
4.11
4.14
4.16
4.18
4.20
4.22
4.25
4.27
4.28
4.31
4.33
4.36
4.37
4.39
4.41
4.45
4.48
4.50
4.52
4.55
4.57
4.58
4.59
4.61
4.63
4.66
4.69
4.72
4.74
4.77
4.79
4.81
4.83
4.86
4.88
4.90
4.91
4.93
4.96
4.98
4.99
5.01
5.02
5.03
5.04
5.05
5.06
5.08
5.10
5.12
5.13
5.15
5.17
5.19
5.22
5.23
5.25
5.26
5.27
5.29
5.31
5.33
5.36
5.38
5.41
5.44
5.47
5.50
5.52
5.55
5.57
5.60
5.63
5.66
5.68
5.71
5.74
5.76
5.78
5.81
5.84
5.86
5.88
5.90
5.92
5.94
5.96
5.99
6.02
6.05
6.09
6.12
6.15
6.20
6.23
6.26
6.29
6.32
6.34
6.37
6.40
6.44
6.48
6.52
6.55
6.58
6.62
6.66
6.71
6.76
6.81
6.85
6.88
6.92
6.95
6.98
7.00
7.02
7.05
7.08
7.12
7.15
7.17
7.19
7.23
7.26
7.29
7.33
7.35
7.38
7.40
7.42
7.45
7.50
7.56
7.62
7.70
7.80
7.89
7.96
8.03
8.09
8.17
8.24
8.32
8.40
8.47
8.53
8.59
8.65
8.71
8.78
8.84
8.90
8.96
9.03
9.11
9.20
9.25
9.31
9.38
9.51
9.66
9.83
9.98
10.13
10.27
10.44
10.60
10.75
10.87
10.98
11.12
11.26
11.41
11.63
11.83
12.01
12.18
12.36
12.55
12.71
12.84
12.97
13.10
13.20
13.29
13.41
13.53
13.66
13.79
13.94
14.08
14.18
14.31
14.46
14.64
14.79
14.94
15.07
15.17
15.34
15.50
15.64
15.77
15.90
16.08
16.28
16.42
16.61
16.81
16.98
17.14
17.25
17.33
17.41
17.51
17.76
18.04
18.23
18.45
18.67
18.81
18.98
19.19
19.36
19.51
19.73
20.00
20.24
20.34
20.50
20.74
21.03
21.26
21.56
21.93
22.20
22.55
22.83
23.14
23.38
23.71
24.31
24.71
25.14
25.45
25.99
26.59
27.28
28.01
28.56
29.04
29.56
29.96
30.02
30.12
29.62
28.96
28.88
29.07
29.36
29.68
30.02
30.16
30.49
30.79
31.08
31.47
31.78
32.19
32.48
32.95
33.28
33.74
34.34
36.02
41.82
50.55
54.53
56.23
57.46
58.59
59.42
59.76
61.16
63.47
63.95
64.55
64.62
66.30
69.23
70.20
69.42
71.26
73.75
74.97
73.65
73.28
75.10
77.78
77.76
76.91
77.33
78.52
78.12
77.73
77.94
79.56
80.81
82.06
81.42
82.26
83.94
86.27
88.74
89.42
90.19
91.30
91.64
92.57
94.47
94.51
96.31
95.68
94.43
95.48
96.95
97.29
98.89
98.90
100.12
104.17
104.26
104.80
106.07
105.05
103.87
103.81
105.12
104.13
105.45
105.93
107.64
108.58
108.65
109.23
105.02
105.97
107.27
109.56
111.03
111.24
113.31
116.61
115.48
113.85
111.52
110.74
110.18
114.71
114.30
114.07
112.93
113.66
115.75
115.28
114.11
114.50
114.00
114.21
114.65
114.08
113.25
109.99
107.12
107.62
108.76
110.81
110.98
111.99
111.68
115.24
116.07
112.03
110.18
113.04
112.92
109.29
109.46
107.77
107.85
111.21
112.46
110.78
107.70
107.84
113.53
110.33
103.22
104.78
104.45
103.33
105.78
107.33
105.68
105.48
106.58
107.03
106.74
106.41
106.41
107.72
105.29
103.70
103.00
102.26
103.86
100.97
99.56
98.63
95.84
96.02
96.29
95.55
92.98
92.23
91.72
91.35
91.25
92.35
91.51
90.43
90.61
90.62
80.98
84.91
86.29
83.53
84.00
84.02
85.50
81.28
80.91
79.97
77.43
74.56
71.41
61.69
49.91
43.59
41.73
41.21
40.76
40.84
40.70
40.43
40.11
39.92
39.97
39.81
39.69
39.07
38.53
38.38
38.43
38.42
38.23
38.05
37.88
37.42
36.73
35.73
35.45
35.37
35.11
35.20
35.19
34.84
34.39
34.37
34.06
33.63
33.25
32.92
15.35
14.53
13.75
13.22
12.46
11.84
11.44
11.04
10.89
10.90
10.82
10.80
11.03
11.84
12.88
13.69
16.80
21.44
28.14
29.88
30.86
31.23
31.46
31.06
30.79
30.39
29.58
29.73
29.35
29.66
30.28
27.82
29.89
30.16
30.92
30.83
29.94
29.30
28.49
27.61
26.95
25.84
23.54
15.20
15.05
14.43
13.72
13.31
21.61
24.17
23.51
16.71
14.09
13.30
12.47
11.89
11.68
11.76
11.89
12.23
12.59
12.59
13.07
13.06
12.68
12.20
11.59
11.16
10.87
11.04
11.25
10.68
10.07
9.37
8.89
9.50
17.75
18.82
19.87
20.50
14.81
12.36
12.04
11.70
11.43
11.51
11.54
13.75
17.76
11.05
10.68
10.18
9.73
9.24
8.73
8.47
8.38
8.16
8.59
7.83
8.71
8.04
7.43
6.87
6.44
6.04
5.76
5.63
5.75
7.86
7.00
5.83
6.49
7.34
5.94
6.56
7.14
7.90
7.65
8.51
8.49
8.46
8.34
8.21
7.59
7.06
7.25
7.09
7.87
7.76
7.57
7.34
7.13
7.22
7.36
7.50
7.67
7.64
7.44
7.14
6.69
6.33
6.15
6.07
6.10
6.11
6.08
6.03
5.91
5.75
5.62
5.59
5.66
5.80
5.88
5.85
5.67
5.39
5.12
4.87
4.70
4.63
4.59
4.51
4.39
4.26
4.14
4.03
3.89
3.72
3.60
3.50
3.38
3.26
3.16
3.08
2.98
2.91
2.80
2.66
2.52
2.39
2.26
2.12
1.96
1.81
1.71
1.59
1.50
1.44
1.37
1.28
1.21
1.15
1.07
1.01
0.94
0.89
0.83
0.79
0.74
0.70
0.66
0.62
0.59
0.55
0.52
0.48
0.45
0.42
0.39
0.36
0.33
0.31
0.28
0.26
0.24
0.22
0.20
0.18
0.17
0.15
0.14
0.12
0.11
0.10
0.09
0.08
0.07
0.06
0.06
0.05
0.05
0.04
0.04
0.03
0.03
0.03
0.03
0.03
0.02
0.02
0.02
0.02
0.02
0.02
0.02
0.02
0.02
0.02
0.02
0.02
0.02
0.02
0.02
0.02
0.02
0.02
0.02
0.02
0.02
0.02
0.02
0.02
0.02
0.02
0.02
0.02
0.02
0.02
0.02
0.02
0.02
0.02
0.02
0.02
0.02
0.02
0.02
0.02
0.02
0.02
0.02
0.02
0.02
0.02
0.02
0.02
0.02
0.02
0.02
0.02
0.02
0.02
0.02
0.02
0.02
0.02
0.02
0.02
0.02
0.02
0.02
0.02
0.02
0.02
0.02
0.02
0.02
0.02
0.02
0.02
0.02
0.02
0.02
0.02
0.02
0.02
0.02
0.02
0.02
0.02
0.02
0.02
0.02
0.02
0.02
0.02
0.02
0.02
0.02
0.02
0.02
0.02
0.02
0.02
0.02
0.02
0.02
0.02
0.02
0.02
0.02
0.02
0.02
0.02
0.02
0.02
0.02
0.02
0.02
0.02
0.02
0.02
0.02
0.02
0.02
0.02
0.02
0.02
0.02
0.02
0.02
0.02
0.02
0.02
0.02
0.02
0.02
0.02
0.02
0.02
0.02
0.02
0.02
0.02
0.02
0.02
0.02
0.02
0.02
0.02
0.02
0.02
0.02
0.02
0.02
0.02
0.02
0.02
0.02
0.02
0.02
0.02
0.02
0.02
0.02
0.02
0.02
0.02
0.02
0.02
0.02
0.02
0.02
0.02
0.02
0.02
0.02
0.02
0.02
0.02
0.02
0.02
0.02
0.02
0.02
0.02
0.02
0.02
0.02
0.02
0.02
0.02
0.02
0.02
0.02
0.02
0.02
0.02
0.02
0.02
0.02
0.02
0.02
0.02
0.02
0.02
0.02
0.02
0.02
0.02
0.02
0.02
0.02
0.02
0.02
0.02
0.02
0.02
0.02
0.02
0.02
0.02
0.02
0.02
0.02
0.02
0.02
0.02
0.02
