0.06
0.06
0.08
0.06
0.06
0.06
0.06
0.06
0.06
0.06
0.06
0.07
0.07
0.06
0.07
0.06
0.06
0.06
0.06
0.06
0.07
0.06
0.06
0.06
0.06
0.06
0.06
0.06
0.06
0.06
0.06
0.06
0.07
0.06
0.06
0.06
0.06
0.06
0.06
0.06
0.06
0.06
0.06
0.06
0.07
0.06
0.06
0.06
0.06
0.06
0.07
0.06
0.06
0.06
0.06
0.06
0.07
0.06
0.06
0.06
0.06
0.06
0.06
0.06
0.06
0.06
0.06
0.06
0.08
0.06
0.06
0.06
0.06
0.06
0.06
0.06
0.06
0.06
0.06
0.06
0.06
0.06
0.06
0.06
0.06
0.06
0.06
0.06
0.06
0.06
0.06
0.06
0.06
0.05
0.06
0.06
0.06
0.06
0.06
0.05
0.05
0.06
0.05
0.06
0.06
0.06
0.05
0.05
0.05
0.06
0.05
0.05
0.06
0.06
0.06
0.05
0.05
0.06
0.06
0.06
0.05
0.05
0.06
0.05
0.05
0.05
0.05
0.05
0.05
0.06
0.05
0.05
0.06
0.05
0.06
0.06
0.06
0.06
0.05
0.05
0.06
0.06
0.06
0.05
0.05
0.05
0.05
0.05
0.05
0.05
0.05
0.05
0.05
0.05
0.05
0.05
0.05
0.05
0.05
0.05
0.05
0.05
0.05
0.05
0.05
0.05
0.05
0.06
0.05
0.05
0.05
0.05
0.05
0.05
0.05
0.05
0.05
0.05
0.05
0.06
0.05
0.05
0.06
0.05
0.05
0.06
0.05
0.05
0.05
0.05
0.05
0.05
0.05
0.05
0.05
0.05
0.05
0.05
0.05
0.05
0.06
0.05
0.05
0.06
0.05
0.05
0.05
0.05
0.05
0.05
0.05
0.05
0.06
0.05
0.05
0.05
0.05
0.05
0.05
0.05
0.05
0.05
0.05
0.05
0.05
0.05
0.05
0.05
0.04
0.05
0.05
0.05
0.04
0.05
0.04
0.05
0.05
0.05
0.05
0.04
0.04
0.04
0.05
0.05
0.05
0.04
0.04
0.04
0.04
0.05
0.05
0.04
0.04
0.04
0.04
0.04
0.05
0.05
0.04
0.05
0.04
0.05
0.04
0.04
0.04
0.05
0.05
0.05
0.05
0.05
0.04
0.04
0.04
0.04
0.05
0.04
0.04
0.05
0.05
0.05
0.04
0.04
0.04
0.04
0.04
0.04
0.04
0.04
0.04
0.04
0.04
0.04
0.04
0.04
0.04
0.04
0.04
0.04
0.03
0.04
0.03
0.03
0.04
0.03
0.03
0.03
0.03
0.03
0.04
0.03
0.03
0.04
0.03
0.03
0.04
0.04
0.03
0.03
0.03
0.04
0.04
0.04
0.04
0.04
0.03
0.04
0.03
0.04
0.04
0.03
0.04
0.04
0.04
0.04
0.04
0.04
0.04
0.04
0.03
0.04
0.03
0.04
0.04
0.03
0.04
0.03
0.04
0.04
0.04
0.03
0.04
0.04
0.03
0.04
0.04
0.03
0.04
0.03
0.03
0.04
0.03
0.03
0.04
0.04
0.03
0.04
0.04
0.03
0.04
0.03
0.03
0.03
0.03
0.03
0.03
0.03
0.03
0.03
0.03
0.04
0.04
0.04
0.04
0.04
0.04
0.04
0.04
0.04
0.04
0.03
0.04
0.03
0.04
0.04
0.04
0.04
0.03
0.03
0.03
0.03
0.03
0.04
0.03
0.03
0.04
0.04
0.03
0.04
0.03
0.03
0.03
0.03
0.03
0.03
0.03
0.03
0.03
0.03
0.04
0.04
0.03
0.03
0.03
0.03
0.04
0.03
0.03
0.03
0.04
0.03
0.03
0.03
0.03
0.04
0.03
0.03
0.04
0.04
0.03
0.04
0.03
0.03
0.04
0.03
0.03
0.04
0.03
0.03
0.04
0.03
0.04
0.04
0.03
0.03
0.04
0.04
0.03
0.03
0.03
0.03
0.04
0.03
0.03
0.03
0.03
0.04
0.03
0.03
0.04
0.03
0.03
0.04
0.04
0.04
0.03
0.04
0.03
0.04
0.04
0.04
0.04
0.04
0.04
0.04
0.04
0.04
0.04
0.04
0.04
0.04
0.04
0.04
0.04
0.04
0.04
0.04
0.04
0.04
0.04
0.04
0.04
0.04
0.04
0.04
0.04
0.04
0.05
0.04
0.04
0.04
0.04
0.04
0.04
0.04
0.04
0.04
0.04
0.04
0.04
0.04
0.04
0.04
0.04
0.04
0.04
0.04
0.04
0.04
0.04
0.04
0.04
0.04
0.04
0.04
0.04
0.04
0.04
0.04
0.04
0.04
0.04
0.03
0.04
0.04
0.04
0.03
0.04
0.04
0.03
0.03
0.04
0.03
0.03
0.03
0.03
0.04
0.03
0.03
0.03
0.03
0.04
0.04
0.04
0.04
0.04
0.03
0.05
0.04
0.04
0.04
0.04
0.04
0.03
0.04
0.04
0.03
0.04
0.03
0.03
0.03
0.03
0.03
0.03
0.03
0.03
0.04
0.03
0.03
0.03
0.03
0.03
0.03
0.03
0.03
0.03
0.03
0.02
0.03
0.03
0.03
0.02
0.03
0.02
0.02
0.02
0.02
0.02
0.02
0.02
0.02
0.02
0.03
0.02
0.02
0.02
0.02
0.02
0.03
0.02
0.02
0.02
0.02
0.02
0.02
0.02
0.02
0.02
0.02
0.02
0.02
0.02
0.02
0.03
0.02
0.03
0.03
0.02
0.03
0.03
0.03
0.03
0.03
0.02
0.03
0.02
0.02
0.03
0.02
0.02
0.03
0.03
0.02
0.03
0.03
0.03
0.03
0.03
0.03
0.03
0.02
0.03
0.02
0.03
0.03
0.03
0.02
0.03
0.03
0.03
0.03
0.03
0.03
0.03
0.02
0.03
0.03
0.03
0.03
0.03
0.03
0.03
0.03
0.03
0.03
0.03
0.03
0.03
0.04
0.04
0.04
0.04
0.03
0.04
0.04
0.04
0.04
0.03
0.04
0.03
0.03
0.04
0.04
0.04
0.03
0.03
0.03
0.03
0.03
0.03
0.03
0.03
0.03
0.03
0.03
0.03
0.03
0.03
0.03
0.03
0.03
0.03
0.03
0.03
0.03
0.03
0.03
0.03
0.03
0.03
0.03
0.03
0.03
0.03
0.03
0.03
0.03
0.03
0.05
0.04
0.03
0.03
0.03
0.03
0.03
0.03
0.03
0.03
0.03
0.03
0.03
0.03
0.03
0.03
0.03
0.03
0.03
0.03
0.03
0.04
0.04
0.04
0.03
0.03
0.04
0.04
0.04
0.04
0.03
0.03
0.03
0.04
0.04
0.04
0.04
0.04
0.04
0.05
0.04
0.05
0.05
0.05
0.06
0.06
0.06
0.06
0.06
0.06
0.07
0.07
0.07
0.07
0.08
0.09
0.09
0.10
0.11
0.11
0.13
0.13
0.14
0.15
0.16
0.17
0.20
0.21
0.24
0.27
0.30
0.34
0.37
0.42
0.48
0.55
0.61
0.68
0.77
0.87
0.97
1.09
1.21
1.37
1.53
1.70
1.91
2.14
2.40
2.70
3.08
3.58
4.24
5.06
6.03
7.07
7.97
8.89
10.03
11.30
12.85
14.63
16.25
17.66
18.78
19.30
19.33
19.22
19.15
19.12
19.23
19.25
19.09
18.95
19.14
19.86
20.99
22.27
23.34
24.02
24.40
24.55
24.67
24.85
25.08
25.62
26.68
28.00
29.53
31.22
33.09
35.21
37.59
40.14
42.99
46.23
49.39
52.43
55.22
57.61
59.37
60.65
61.51
62.07
62.48
63.32
64.36
66.00
68.34
71.17
74.37
77.98
82.89
89.94
98.62
108.25
117.13
123.24
125.85
126.00
125.50
125.77
126.57
127.31
127.96
128.35
127.45
125.28
122.77
120.29
119.24
120.58
124.55
131.04
139.89
150.43
161.38
171.28
178.53
182.71
186.61
194.68
205.96
218.32
231.75
245.77
260.21
276.09
290.13
300.14
308.39
316.12
325.07
330.16
329.03
325.88
321.91
317.77
316.43
317.49
319.21
320.48
322.90
326.31
331.03
336.51
341.61
345.85
349.98
353.95
358.16
362.99
367.47
372.01
376.06
379.41
383.37
386.90
390.95
395.31
400.46
406.54
412.64
418.29
423.66
428.81
433.62
438.71
444.25
451.30
457.59
462.21
467.87
473.47
479.17
487.04
496.19
502.55
512.25
523.17
529.37
535.13
542.57
550.48
560.05
571.37
581.70
589.60
595.58
603.58
616.73
634.19
654.14
679.86
713.26
745.85
772.07
794.38
810.20
821.11
830.28
840.43
845.27
848.48
851.37
847.18
843.64
838.10
833.56
828.18
820.53
814.74
810.70
807.90
805.37
802.87
799.58
796.39
793.66
791.23
789.12
786.93
783.35
778.15
773.28
768.24
759.46
755.75
753.93
759.66
768.48
775.17
782.37
790.13
806.51
819.27
834.29
847.75
860.47
874.16
885.87
897.96
911.66
927.22
939.71
950.37
961.49
971.68
982.00
994.24
1004.65
1012.52
1021.17
1027.07
1036.12
1047.05
1049.40
1057.59
1062.12
1066.48
1126.56
1173.88
1171.84
1178.04
1188.31
1202.87
1214.82
1230.05
1238.22
1239.16
1247.02
1256.30
1257.34
1257.34
1246.94
1235.28
1220.22
1219.71
1228.16
1243.54
1263.28
1279.42
1292.39
1294.80
1304.09
1318.69
1337.09
1342.62
1321.88
1298.14
1278.84
1268.61
1265.22
1260.88
1258.07
1263.41
1283.86
1314.59
1341.51
1355.83
1368.99
1385.38
1389.03
1389.87
1379.69
1348.57
1381.40
1419.27
1459.68
1490.91
1534.70
1574.48
1628.95
1670.57
1718.79
1770.20
1820.67
1873.87
1924.51
1966.53
2002.65
2033.69
2064.85
2086.14
2103.22
2117.19
2129.40
2116.47
2068.59
1995.07
1910.87
1818.66
1709.15
1589.47
1461.27
1342.98
1228.42
1123.64
1027.24
937.94
855.39
785.00
728.17
677.06
651.89
636.61
605.81
597.21
581.65
576.65
569.79
565.76
562.06
558.72
554.78
550.39
545.11
539.46
533.18
527.87
525.03
524.12
560.06
574.79
575.20
573.56
574.51
575.95
576.69
578.09
580.32
583.36
586.93
591.84
598.88
606.78
614.75
623.30
633.54
645.17
657.27
672.54
685.82
699.66
715.06
734.44
755.49
777.11
797.04
815.31
835.50
855.99
877.73
894.64
903.80
910.23
913.71
919.04
923.61
929.92
931.51
925.44
913.91
895.26
885.65
822.47
807.57
807.86
812.29
814.71
823.42
834.67
845.87
856.46
869.45
881.74
891.35
894.65
890.79
896.56
921.93
937.00
941.77
947.22
961.49
992.78
1023.75
1044.52
1056.02
1069.52
1096.66
1130.08
1165.87
1205.77
1240.38
1281.87
1320.99
1367.34
1426.22
1486.08
1564.66
1662.55
1796.78
2195.90
3288.83
4417.94
5919.99
7792.31
9868.74
12204.04
14113.66
15065.56
15238.67
15289.37
15222.14
15369.03
14949.02
15149.08
14912.63
14779.05
14447.13
14173.73
13932.48
13718.36
13338.49
12617.11
12946.00
13196.18
13481.69
13464.22
13010.86
13476.58
14134.29
14579.96
15012.29
15155.05
15169.32
15383.64
15548.20
15114.29
15268.27
15769.30
15551.23
15160.52
14883.38
14560.61
14489.61
14381.95
14885.80
15104.29
15050.70
15045.87
14671.62
14624.31
14297.48
13962.79
13618.41
14402.94
14642.71
15041.26
15653.49
15552.09
15388.61
15406.04
15370.47
15449.95
15086.79
15291.33
15617.69
15808.89
15911.77
16421.77
16592.37
16876.43
17047.94
16890.98
17247.43
17391.51
17553.96
17397.70
17393.68
17707.61
18148.05
18439.81
18667.48
18848.25
18902.12
18953.86
18862.78
18754.40
18505.98
18531.95
18607.31
18596.00
18565.96
18543.85
18691.66
18788.27
18924.53
18877.68
18931.94
19109.48
19097.49
19222.01
19253.52
19320.84
19403.90
19417.78
19428.40
19429.90
19448.87
19483.37
19370.87
19253.69
19115.31
19036.41
19141.85
19245.68
19426.18
19418.86
19376.26
19401.56
19506.15
19561.94
19662.78
19674.40
19599.59
19644.95
19683.75
19660.65
19780.94
19755.09
19780.23
19818.67
19828.66
19741.74
19676.37
19603.99
19604.05
19626.98
19619.62
19705.38
19637.93
19391.65
19254.56
19158.63
19218.89
19180.05
19158.81
19046.26
19051.39
18975.71
18752.73
18727.60
18811.70
18942.53
19078.84
18822.46
18697.17
18740.09
18886.71
19033.62
19064.61
19065.77
18976.18
18892.11
18769.21
18716.76
18661.12
18514.17
18513.34
18704.52
19167.52
19655.50
19764.68
19837.37
19782.86
19610.56
19534.20
19576.24
19578.42
19571.44
19685.62
19794.13
19924.69
19979.49
19884.54
19619.70
19406.40
19302.49
19345.17
19509.25
19554.95
19453.27
19341.82
19196.81
19285.61
19359.47
19515.07
19719.50
19866.11
19986.00
20106.89
20106.05
20131.94
20048.87
19829.17
19901.50
19954.44
20036.90
20034.82
20027.29
19909.60
19845.40
19721.89
19764.61
19887.19
19924.39
19909.91
20006.86
19947.17
19899.92
19926.20
19857.47
19864.01
19604.02
19423.80
19441.06
19469.30
19382.75
19346.85
19128.99
18749.77
18199.09
17413.66
16726.35
16021.36
15245.76
14552.72
13593.16
11935.12
9335.53
6638.19
4505.76
3338.99
3008.86
2814.24
2651.96
2531.37
2451.19
2410.31
2383.16
2369.81
2360.66
2345.87
2333.18
2320.02
2307.83
2295.83
2280.88
2270.49
2259.99
2252.92
2247.91
2240.58
2222.85
2177.79
2197.99
2202.79
2213.51
2201.28
2191.29
2174.86
2165.81
2157.12
2146.14
2140.45
2136.56
2132.78
2131.89
2124.56
2121.39
2127.02
2121.59
2112.74
2104.45
2107.67
2106.96
2102.49
2102.31
2099.53
2086.82
2082.56
2085.78
2083.33
2071.97
2070.41
2089.98
2089.73
2075.90
2102.42
2118.69
2114.22
2036.70
2106.53
2054.10
2081.39
2115.46
2111.50
2125.08
2140.54
2148.13
2165.73
2216.93
2313.34
2448.15
2636.46
3275.52
5971.84
9874.32
13606.14
15836.57
15999.50
15922.58
15865.60
15874.87
15928.02
16017.97
16065.62
16017.91
15929.01
15970.64
16126.55
16287.60
16323.25
16239.01
16186.15
16235.64
16260.12
16257.64
16228.56
16283.63
16419.00
16514.30
16457.22
16238.82
15832.67
15452.18
15131.11
15013.79
15180.67
15494.94
15755.37
15771.75
15798.83
15748.71
15601.02
15507.70
15327.84
15183.40
15131.11
15106.77
15176.36
15079.44
14822.83
14532.05
14304.88
14245.09
14170.41
14121.89
14063.52
14083.95
14091.72
14087.91
13979.16
13795.69
13552.52
13323.03
13111.62
13113.82
13215.02
13108.32
12870.41
12983.68
13020.42
13083.43
12890.39
12752.85
12506.26
12297.09
12303.92
12295.23
12198.29
12004.81
11861.40
11606.14
11358.89
11157.83
10990.69
10950.13
10197.52
7778.96
4793.54
2360.83
1393.30
1298.32
1258.26
1226.22
1194.98
1165.96
1135.75
1106.55
1080.85
1053.64
1028.38
1009.83
982.18
957.82
939.14
920.68
901.70
885.15
869.12
853.87
841.27
828.00
815.12
801.43
790.04
779.47
769.00
758.42
750.16
747.21
733.04
720.03
710.34
701.35
692.31
688.68
679.25
671.22
666.87
656.88
647.37
640.69
634.37
628.08
621.04
614.87
609.87
604.20
597.29
590.68
585.56
580.67
574.94
568.97
563.56
557.92
554.82
546.12
536.71
533.86
528.76
524.55
520.46
515.54
511.68
507.33
501.98
501.04
505.03
495.30
487.67
483.23
481.57
478.14
476.95
474.21
470.97
468.47
466.40
465.41
465.61
465.71
463.01
462.78
461.86
461.69
459.14
458.96
458.78
457.64
456.23
454.70
454.16
454.26
454.39
461.50
456.44
450.44
450.41
449.27
448.47
447.23
447.23
446.85
446.54
446.03
445.36
445.32
443.45
445.39
451.87
444.77
442.00
440.47
440.13
440.59
440.61
440.49
440.52
442.49
442.57
437.86
437.93
438.29
437.05
438.23
436.99
441.28
445.33
445.80
448.10
447.27
447.17
446.58
446.94
445.64
447.89
453.74
447.94
444.54
442.79
442.76
441.79
444.04
442.21
440.94
441.46
440.71
441.23
439.95
439.80
440.86
439.24
439.22
439.12
438.80
438.52
438.35
435.34
436.38
437.82
439.21
438.17
437.10
436.32
436.39
437.00
436.25
435.66
435.66
435.67
436.03
435.40
434.72
434.49
434.87
435.05
434.36
433.45
435.74
436.76
436.56
435.73
435.65
435.58
435.58
435.56
435.52
435.57
436.03
434.74
434.68
436.03
435.20
435.05
432.01
430.26
432.92
430.66
430.71
430.18
429.88
429.38
428.96
428.76
429.16
427.92
427.96
428.28
427.88
427.96
427.70
427.45
427.76
427.95
428.05
428.08
426.90
427.61
428.38
427.11
427.45
426.96
426.78
426.57
427.07
426.18
425.76
425.91
425.85
426.41
426.28
425.62
425.92
425.52
424.72
425.17
425.26
424.94
424.25
424.90
424.88
425.04
424.15
424.34
424.35
424.57
424.26
423.95
423.83
423.87
424.02
423.92
423.33
423.40
423.00
422.72
422.67
423.28
422.96
423.48
423.52
423.33
423.23
423.28
423.22
423.04
422.78
422.49
422.03
422.03
422.80
423.03
422.80
422.55
422.69
422.70
422.42
422.05
422.20
421.91
421.74
421.44
421.03
421.58
421.26
421.49
422.02
421.84
421.43
421.64
421.54
421.40
421.21
421.64
421.66
421.65
421.73
421.70
421.54
421.26
421.07
420.30
419.89
420.16
419.84
419.57
419.17
419.10
418.69
418.53
418.30
417.87
417.84
418.14
417.81
417.22
417.05
416.92
416.83
416.92
416.50
416.22
416.06
416.16
416.39
415.83
415.56
415.67
415.01
414.97
414.81
414.72
414.61
414.62
414.42
414.52
414.57
414.25
414.22
414.23
414.02
413.80
413.69
413.31
413.04
412.69
412.39
412.10
412.19
412.13
411.81
411.52
411.47
411.44
411.30
411.07
410.74
410.30
409.84
409.59
409.81
409.72
409.65
408.99
408.32
408.08
407.80
407.72
407.91
407.86
407.57
407.21
406.66
406.53
406.49
407.19
406.78
405.84
405.00
404.33
404.21
403.78
403.52
403.34
403.04
403.30
402.74
402.46
402.33
402.22
401.98
401.83
401.59
401.21
401.10
401.16
400.86
400.79
400.30
399.94
399.44
398.95
398.43
397.96
397.67
397.06
396.52
395.58
394.89
394.22
393.57
392.83
392.17
391.16
390.15
389.23
388.25
387.11
385.87
384.81
383.71
382.55
381.41
379.74
378.36
377.26
376.28
375.26
374.09
373.33
372.12
371.12
369.91
368.67
367.23
366.12
365.05
363.56
362.34
360.70
359.27
358.06
356.70
354.75
352.64
351.08
349.54
347.93
346.31
344.72
343.14
341.54
339.96
338.60
337.49
336.29
335.07
333.80
332.31
331.15
330.09
328.69
326.54
325.33
323.61
322.08
320.59
319.30
317.71
316.26
315.09
312.72
310.86
308.70
306.65
304.83
302.82
301.08
299.70
299.28
302.25
310.59
318.62
322.56
319.79
310.54
300.05
291.88
286.37
282.77
280.72
279.29
278.13
276.95
275.81
274.45
272.26
270.25
268.63
266.85
264.95
263.06
262.27
264.36
267.96
267.66
262.32
255.35
250.31
247.87
245.79
245.03
247.19
250.89
252.33
250.79
246.14
241.95
239.49
236.71
234.54
232.91
230.99
228.60
225.71
223.04
220.39
218.43
215.79
212.39
208.19
204.57
201.39
198.67
197.53
198.07
198.85
198.78
195.94
191.55
187.49
184.50
182.44
180.65
178.95
177.37
175.71
174.07
172.31
170.58
168.95
167.02
165.23
163.42
161.74
160.06
158.45
156.81
155.26
153.74
152.18
150.59
148.98
147.45
145.93
144.34
142.78
141.16
139.61
138.06
136.55
135.05
133.57
132.08
130.62
128.73
127.04
125.30
123.71
122.23
120.62
118.99
117.39
115.80
114.17
112.65
111.10
109.49
107.96
106.47
104.90
103.49
102.08
100.64
99.22
97.83
96.47
95.10
93.73
92.34
90.93
89.53
88.05
86.64
85.29
83.91
82.55
81.19
79.82
78.44
77.04
75.67
74.34
72.96
71.55
69.98
68.41
66.94
65.46
64.03
62.58
61.12
59.52
57.83
56.06
54.27
52.58
51.02
49.49
47.87
46.25
44.62
43.10
41.62
40.17
38.72
37.36
36.03
34.74
33.48
32.30
31.12
30.00
28.94
27.87
26.89
25.90
24.98
24.14
23.31
22.52
21.80
21.08
20.42
19.81
19.21
18.63
18.13
17.67
17.27
16.89
16.52
16.16
15.85
15.55
15.29
15.04
14.80
14.60
14.41
14.21
14.07
13.90
13.75
13.63
13.46
13.35
13.24
13.13
13.01
12.94
12.86
12.78
12.74
12.68
12.59
12.55
12.52
12.50
12.48
12.45
12.44
12.41
12.41
12.38
12.36
12.35
12.35
12.34
12.33
12.35
12.34
12.32
12.33
12.32
12.32
12.34
12.37
12.36
12.37
12.38
12.35
12.34
12.40
12.46
12.44
12.42
12.43
12.46
12.43
12.44
12.45
12.44
12.45
12.45
12.46
12.45
12.45
12.41
12.41
12.40
12.38
12.38
12.36
12.36
12.37
12.39
12.36
12.37
12.40
12.39
12.41
12.41
12.42
12.42
12.43
12.42
12.43
12.46
12.43
12.43
12.42
12.41
12.43
12.41
12.43
12.41
12.39
12.41
12.40
12.39
12.36
12.36
12.37
12.37
12.35
12.30
12.29
12.36
12.34
12.38
12.40
12.37
12.38
12.35
12.38
12.36
12.39
12.39
12.40
12.38
12.38
12.39
12.38
12.37
12.34
12.36
12.35
12.35
12.36
12.36
12.36
12.36
12.34
12.36
12.37
12.35
12.35
12.35
12.30
12.32
12.32
12.31
12.31
12.33
12.35
12.35
12.35
12.35
12.33
12.34
12.35
12.35
12.32
12.32
12.35
12.35
12.37
12.37
12.33
12.32
12.32
12.32
12.34
12.32
12.31
12.33
12.30
12.30
12.28
12.29
12.31
12.31
12.32
12.29
12.29
12.29
12.30
12.29
12.31
12.30
12.30
12.31
12.32
12.32
12.32
12.29
12.32
12.30
12.31
12.32
12.31
12.31
12.29
12.30
12.30
12.32
12.31
12.30
12.30
12.29
12.27
12.27
12.29
12.29
12.28
12.28
12.29
12.29
12.28
12.29
12.29
12.27
12.27
12.30
12.30
12.30
12.31
12.28
12.29
12.31
12.29
12.30
12.32
12.28
12.30
12.30
12.31
12.28
12.32
12.29
12.30
12.34
12.33
12.34
12.34
12.31
12.32
12.31
12.32
12.32
12.35
12.33
12.34
12.33
12.32
12.29
12.32
12.32
12.31
7.21
0.04
0.04
0.03
0.04
0.03
0.04
0.04
0.04
0.04
0.04
0.04
0.04
0.04
0.04
0.05
0.04
0.03
0.04
0.04
0.04
0.04
0.04
0.04
0.04
0.04
0.04
0.04
0.04
0.03
0.04
0.03
0.04
0.04
0.04
0.03
0.04
0.03
0.04
0.04
0.03
0.04
0.04
0.04
0.03
0.05
0.04
0.04
0.04
0.04
0.04
0.04
0.04
0.04
0.05
0.04
0.04
0.04
0.04
0.03
0.03
0.04
0.04
0.04
0.04
0.04
0.04
0.04
0.03
0.04
0.03
0.04
0.04
0.04
0.04
0.05
0.04
0.04
0.04
0.03
0.04
0.05
0.04
0.03
0.04
0.04
0.03
0.04
0.04
0.04
0.04
0.04
0.04
0.05
0.04
0.04
0.05
0.04
0.03
0.04
0.04
0.03
0.03
0.04
0.03
0.03
0.03
0.04
0.04
0.03
0.03
0.04
0.04
0.03
0.03
0.03
0.03
0.03
0.03
0.03
0.04
0.03
0.04
0.05
0.04
0.04
0.04
0.04
0.03
0.04
0.03
0.03
0.03
0.03
0.03
0.04
0.03
0.03
0.04
0.04
0.03
0.04
0.04
0.03
0.04
0.03
0.03
0.04
0.04
0.04
0.05
0.04
0.03
0.04
0.03
0.03
0.04
0.04
0.04
0.03
0.03
0.04
0.04
0.03
0.04
0.04
0.04
0.04
0.04
0.03
0.04
0.04
0.03
0.04
0.03
0.04
0.03
0.03
0.03
0.04
0.05
0.04
0.03
0.05
0.04
0.03
0.03
0.04
0.04
0.03
0.03
0.04
0.04
0.04
0.03
0.03
0.03
0.04
0.04
0.04
0.03
0.05
0.04
0.03
0.04
0.04
0.03
0.05
0.04
0.04
0.05
0.04
0.04
0.04
0.03
0.04
0.05
0.04
0.03
0.03
0.03
0.03
0.03
0.03
0.04
0.04
0.04
0.04
0.04
0.04
0.03
0.04
0.03
0.04
0.04
0.04
0.04
0.04
0.04
0.03
0.04
0.03
0.03
0.03
0.03
0.03
0.03
0.04
0.04
0.05
0.04
0.03
0.04
0.03
0.03
0.03
0.03
0.04
0.04
0.03
0.04
0.04
0.03
0.03
0.03
0.03
0.03
0.03
0.03
0.03
0.04
0.03
0.03
0.05
0.04
0.03
0.04
0.03
0.03
0.04
0.03
0.03
0.03
0.03
0.03
0.03
0.03
0.04
0.05
0.04
0.03
0.04
0.03
0.04
0.03
0.04
0.04
0.04
0.04
0.03
0.04
0.04
0.04
0.03
0.03
0.04
0.03
0.03
0.03
0.03
0.03
0.03
0.04
0.03
0.04
0.04
0.03
0.03
0.03
0.03
0.04
0.04
0.03
0.04
0.04
0.04
0.03
