0.24
0.24
0.24
0.24
0.24
0.24
0.24
0.23
0.24
0.24
0.19
0.13
0.13
0.13
0.19
0.32
0.34
0.35
0.36
0.37
0.37
0.37
0.37
0.38
0.37
0.38
0.37
0.38
0.38
0.37
0.36
0.36
0.36
0.36
0.36
0.36
0.36
0.36
0.36
0.36
0.36
0.36
0.36
0.36
0.36
0.36
0.36
0.36
0.36
0.36
0.36
0.36
0.36
0.36
0.36
0.35
0.36
0.36
0.36
0.36
0.36
0.36
0.36
0.36
0.36
0.36
0.36
0.36
0.36
0.36
0.36
0.36
0.35
0.36
0.36
0.36
0.35
0.36
0.36
0.35
0.35
0.35
0.36
0.35
0.35
0.35
0.35
0.35
0.35
0.35
0.34
0.34
0.34
0.34
0.34
0.34
0.34
0.34
0.34
0.34
0.34
0.34
0.34
0.34
0.34
0.34
0.34
0.34
0.34
0.34
0.34
0.34
0.34
0.34
0.34
0.34
0.34
0.35
0.34
0.34
0.34
0.34
0.34
0.34
0.34
0.34
0.34
0.34
0.35
0.34
0.40
0.46
0.46
0.46
0.46
0.46
0.46
0.46
0.46
0.46
0.46
0.46
0.46
0.46
0.45
0.45
0.45
0.45
0.45
0.45
0.45
0.45
0.45
0.45
0.45
0.45
0.44
0.45
0.44
0.45
0.44
0.44
0.44
0.44
0.45
0.44
0.44
0.44
0.44
0.44
0.44
0.44
0.44
0.44
0.44
0.44
0.44
0.44
0.44
0.44
0.44
0.44
0.44
0.45
0.45
0.45
0.45
0.45
0.45
0.45
0.45
0.45
0.45
0.45
0.37
0.20
0.20
0.20
0.20
0.20
0.20
0.20
0.20
0.20
0.20
0.20
0.20
0.19
0.19
0.20
0.21
0.21
0.21
0.21
0.21
0.21
0.21
0.21
0.21
0.21
0.21
0.21
0.21
0.21
0.21
0.21
0.21
0.21
0.21
0.21
0.21
0.21
0.21
0.21
0.21
0.21
0.21
0.20
0.21
0.21
0.21
0.21
0.21
0.21
0.21
0.21
0.21
0.21
0.21
0.21
0.15
0.10
0.10
0.10
0.10
0.10
0.10
0.10
0.10
0.10
0.10
0.10
0.10
0.10
0.10
0.10
0.11
0.11
0.11
0.10
0.11
0.10
0.10
0.10
0.10
0.10
0.10
0.10
0.10
0.10
0.09
0.10
0.10
0.09
0.09
0.09
0.09
0.09
0.09
0.09
0.09
0.09
0.09
0.10
0.10
0.09
0.10
0.10
0.10
0.10
0.09
0.10
0.10
0.10
0.10
0.10
0.10
0.11
0.11
0.10
0.11
0.10
0.10
0.10
0.17
0.30
0.32
0.33
0.34
0.35
0.35
0.35
0.36
0.36
0.36
0.35
0.36
0.36
0.35
0.35
0.34
0.34
0.34
0.34
0.34
0.34
0.34
0.34
0.34
0.34
0.34
0.34
0.34
0.34
0.34
0.34
0.34
0.34
0.34
0.34
0.34
0.33
0.34
0.33
0.34
0.33
0.34
0.34
0.34
0.34
0.34
0.34
0.34
0.33
0.34
0.34
0.34
0.34
0.34
0.34
0.34
0.33
0.34
0.34
0.34
0.34
0.34
0.34
0.34
0.34
0.34
0.34
0.34
0.34
0.34
0.34
0.33
0.34
0.33
0.33
0.35
0.35
0.35
0.35
0.35
0.34
0.35
0.34
0.34
0.34
0.34
0.34
0.34
0.34
0.34
0.34
0.34
0.34
0.34
0.34
0.34
0.34
0.34
0.34
0.34
0.34
0.34
0.34
0.34
0.34
0.34
0.34
0.34
0.34
0.34
0.34
0.34
0.34
0.34
0.34
0.34
0.34
0.34
0.34
0.34
0.34
0.34
0.33
0.34
0.33
0.33
0.33
0.33
0.34
0.33
0.34
0.34
0.34
0.33
0.33
0.34
0.34
0.34
0.34
0.34
0.34
0.35
0.34
0.35
0.35
0.35
0.35
0.35
0.35
0.35
0.35
0.35
0.35
0.35
0.34
0.35
0.34
0.34
0.35
0.34
0.34
0.34
0.34
0.34
0.34
0.34
0.35
0.34
0.34
0.34
0.34
0.34
0.34
0.34
0.35
0.34
0.34
0.35
0.35
0.35
0.35
0.35
0.35
0.35
0.35
0.35
0.35
0.35
0.35
0.35
0.35
0.36
0.35
0.35
0.36
0.35
0.36
0.36
0.36
0.36
0.36
0.36
0.36
0.36
0.36
0.36
0.36
0.36
0.36
0.36
0.36
0.36
0.36
0.36
0.36
0.36
0.36
0.36
0.36
0.36
0.36
0.36
0.36
0.36
0.36
0.36
0.36
0.36
0.36
0.36
0.36
0.36
0.36
0.36
0.36
0.35
0.36
0.36
0.36
0.36
0.36
0.36
0.36
0.36
0.36
0.36
0.36
0.36
0.36
0.36
0.36
0.36
0.36
0.36
0.36
0.36
0.36
0.36
0.36
0.36
0.36
0.36
0.36
0.36
0.36
0.36
0.36
0.36
0.36
0.36
0.36
0.36
0.36
0.36
0.36
0.36
0.36
0.37
0.36
0.37
0.37
0.36
0.37
0.37
0.36
0.36
0.37
0.36
0.36
0.36
0.36
0.36
0.36
0.36
0.36
0.36
0.36
0.36
0.36
0.36
0.36
0.36
0.36
0.36
0.36
0.36
0.36
0.36
0.36
0.36
0.36
0.36
0.36
0.36
0.36
0.35
0.34
0.34
0.34
0.34
0.34
0.34
0.34
0.34
0.34
0.34
0.34
0.34
0.34
0.34
0.34
0.34
0.34
0.34
0.34
0.34
0.33
0.33
0.33
0.33
0.33
0.33
0.33
0.33
0.33
0.33
0.33
0.33
0.33
0.33
0.33
0.33
0.32
0.32
0.31
0.31
0.31
0.31
0.30
0.30
0.30
0.30
0.30
0.29
0.29
0.29
0.29
0.29
0.29
0.29
0.29
0.29
0.29
0.29
0.29
0.29
0.29
0.29
0.29
0.29
0.29
0.29
0.29
0.30
0.30
0.30
0.30
0.30
0.31
0.31
0.31
0.31
0.31
0.32
0.32
0.31
0.32
0.32
0.32
0.32
0.32
0.31
0.32
0.32
0.32
0.31
0.32
0.32
0.32
0.32
0.32
0.32
0.33
0.33
0.33
0.34
0.34
0.35
0.35
0.36
0.36
0.37
0.38
0.39
0.40
0.41
0.42
0.45
0.47
0.48
0.50
0.52
0.53
0.56
0.58
0.61
0.64
0.70
0.76
0.79
0.81
0.88
0.94
1.04
1.13
1.25
1.45
1.58
1.65
1.81
2.11
2.39
2.59
2.96
3.35
3.73
4.26
4.83
5.67
6.50
7.96
9.84
11.96
14.42
17.34
20.07
22.36
24.21
25.72
27.37
29.36
32.07
34.74
36.53
37.77
40.40
42.93
45.16
47.98
49.88
51.96
54.59
55.80
58.74
63.53
67.05
71.43
75.05
76.80
77.35
79.14
80.77
82.17
84.26
87.68
91.27
94.82
98.92
102.12
107.76
111.12
115.27
115.50
115.28
117.62
121.99
120.79
122.30
131.30
137.42
143.65
148.94
153.34
157.69
163.94
182.12
192.39
195.91
204.92
214.29
221.83
234.00
244.70
250.64
262.52
278.22
288.83
304.04
316.42
331.15
346.80
363.08
376.29
382.91
390.85
407.46
417.91
431.45
444.29
459.75
474.14
488.56
504.25
517.79
519.64
524.35
525.43
528.18
526.44
522.28
522.82
527.60
536.21
547.29
561.15
583.54
609.42
616.69
616.76
619.27
622.30
629.19
636.83
666.17
675.72
690.16
710.95
702.27
675.02
613.58
584.03
563.84
573.82
581.84
590.98
604.61
620.58
624.14
628.90
598.05
593.50
572.31
546.48
541.21
526.54
528.68
529.82
554.13
520.39
547.25
588.99
609.73
591.60
607.18
589.53
551.65
530.13
518.08
505.06
521.24
531.82
543.22
530.54
506.39
492.36
532.12
528.95
556.24
581.99
657.50
672.11
668.60
675.51
674.31
652.75
615.96
582.21
559.00
550.72
545.38
543.75
549.36
546.23
526.74
496.71
466.98
440.82
423.17
415.75
418.18
424.62
436.85
451.61
465.31
478.66
491.73
509.38
515.40
524.43
535.43
538.12
556.71
580.38
594.92
615.60
642.70
661.70
678.15
698.96
724.97
742.73
759.21
784.96
819.52
855.26
887.74
908.50
897.89
912.81
919.49
918.75
932.18
965.64
1006.92
1025.94
1048.21
1052.86
985.41
940.86
989.65
1004.48
1008.21
1023.24
1050.96
1072.66
1091.41
1112.77
1116.22
1118.39
1122.34
1122.44
1114.98
1113.19
1122.25
1100.06
1077.29
1067.02
1062.80
1066.13
1080.42
1075.36
1074.17
1093.06
1113.31
1139.96
1158.18
1156.39
1147.89
1173.66
1204.26
1250.16
1275.94
1281.80
1296.51
1324.49
1342.43
1371.72
1409.96
1438.89
1433.37
1441.38
1434.70
1436.11
1418.28
1381.76
1364.97
1358.55
1329.18
1294.05
1265.50
1262.28
1220.40
1201.16
1190.33
1189.34
1180.65
1166.45
1173.19
1187.76
1192.12
1222.31
1275.50
1306.99
1313.19
1315.52
1318.47
1325.50
1335.78
1340.06
1362.07
1383.62
1385.82
1413.78
1420.15
1374.22
1326.70
1296.90
1324.68
1391.77
1440.29
1459.16
1469.85
1481.95
1517.63
1528.47
1473.40
1423.04
1433.93
1395.55
1400.95
1440.35
1438.96
1423.45
1410.98
1392.48
1391.84
1386.88
1385.72
1386.34
1381.80
1382.58
1378.39
1375.56
1382.46
1392.09
1399.36
1412.30
1420.08
1421.81
1411.10
1401.49
1403.46
1392.69
1365.03
1346.70
1320.19
1296.85
1285.43
1282.48
1298.62
1321.95
1349.61
1388.33
1414.55
1404.63
1389.82
1392.61
1416.76
1421.56
1374.04
1317.05
1334.49
1349.04
1344.62
1361.92
1379.70
1407.65
1420.18
1416.48
1409.65
1373.53
1329.11
1318.81
1300.89
1265.90
1250.89
1254.87
1247.31
1274.15
1321.41
1352.67
1360.84
1369.97
1381.67
1384.89
1391.98
1403.45
1404.77
1402.94
1393.57
1386.45
1386.80
1362.85
1335.21
1315.90
1307.64
1308.38
1321.96
1352.08
1370.67
1391.85
1395.94
1394.57
1404.18
1433.34
1421.92
1404.16
1427.67
1441.06
1423.41
1424.27
1483.65
1523.83
1528.45
1534.05
1509.26
1477.79
1485.47
1504.77
1523.84
1537.12
1548.75
1571.11
1593.71
1612.96
1635.15
1645.30
1634.26
1613.76
1592.97
1572.11
1593.20
1625.69
1647.44
1658.82
1671.12
1680.78
1688.36
1688.33
1690.87
1707.10
1730.48
1766.94
1772.13
1714.07
1826.08
1925.90
1994.46
2048.06
2084.52
2111.00
2127.40
2102.96
2049.77
2023.80
1986.46
1884.58
1798.58
1819.82
1885.79
1944.71
1958.77
2010.97
2057.88
2047.94
1994.43
1869.59
1688.79
1585.93
1680.27
1785.35
1794.64
1800.62
1804.23
1719.13
1564.60
1461.42
1425.24
1426.15
1503.84
1615.34
1729.24
1813.96
1892.42
1933.74
1952.53
1956.04
1856.14
1740.43
1659.71
1589.08
1561.11
1545.28
1588.86
1670.40
1725.70
1779.74
1845.81
1900.34
1943.72
1970.45
1968.69
1972.82
1987.50
2005.79
2019.59
2027.90
2021.92
1972.39
1928.39
1901.23
1873.00
1889.47
1903.23
1898.79
1895.32
1882.64
1920.76
1949.41
1954.74
1961.42
1987.89
2001.06
1981.45
1969.41
1970.33
1978.30
1976.45
1964.25
1971.40
1949.40
1912.44
1930.81
1920.84
1900.79
1875.25
1869.33
1838.89
1830.72
1825.48
1860.61
1903.42
1912.87
1928.53
1897.97
1869.90
1855.79
1845.20
1873.60
1866.67
1863.49
1898.05
1920.24
1960.75
2005.27
1996.49
2040.83
2122.88
2208.29
2308.92
2421.88
2450.01
2438.48
2428.18
2432.14
2430.35
2419.86
2404.79
2395.99
2384.79
2347.38
2245.31
2107.13
1987.41
1968.68
1963.69
1985.74
1961.15
1917.46
1863.40
1804.67
1780.41
1794.89
1824.55
1813.37
1767.39
1741.50
1720.41
1722.40
1733.72
1713.62
1664.80
1616.77
1590.47
1600.87
1649.28
1654.48
1633.24
1608.36
1605.75
1600.63
1587.56
1538.79
1509.40
1510.12
1512.59
1513.34
1523.74
1555.55
1562.05
1550.36
1521.37
1517.57
1543.42
1591.93
1629.38
1653.82
1685.42
1752.44
1793.70
1815.41
1862.51
1841.48
1824.52
1842.14
1841.51
1849.60
1817.66
1887.25
1902.31
1827.02
1864.14
1906.27
1925.10
1928.37
1877.79
1874.56
1901.40
1908.29
1891.40
1857.10
1840.79
1838.89
1827.98
1832.12
1853.38
1824.67
1805.00
1826.71
1838.53
1820.42
1758.21
1753.90
1808.46
1839.15
1823.97
1830.73
1863.30
1839.58
1809.32
1809.36
1815.20
1818.77
1828.92
1840.23
1824.70
1849.00
1837.32
1791.49
1738.20
1716.58
1683.64
1646.19
1625.78
1573.89
1509.72
1491.81
1520.26
1548.80
1529.02
1481.94
1429.26
1380.23
1321.21
1253.68
1195.93
1165.46
1135.68
1097.53
1080.26
1075.36
1070.13
1052.45
1029.35
1005.76
994.76
992.76
996.24
999.22
997.85
985.87
974.66
973.18
979.42
988.83
1000.92
1017.46
1040.66
1062.67
1077.81
1091.11
1098.00
1105.70
1119.00
1129.54
1144.98
1167.02
1207.12
1256.22
1296.93
1327.03
1343.53
1362.45
1384.69
1424.29
1451.22
1456.03
1450.99
1464.94
1472.40
1466.49
1424.05
1360.26
1307.54
1277.65
1273.62
1281.95
1306.11
1355.78
1369.18
1354.33
1345.05
1328.77
1315.12
1305.17
1286.42
1286.01
1332.49
1364.30
1359.47
1352.28
1358.58
1366.14
1359.04
1341.72
1341.43
1363.24
1377.71
1378.46
1391.82
1424.16
1435.60
1423.77
1392.88
1370.78
1367.72
1350.99
1315.95
1311.38
1326.31
1341.87
1362.08
1378.33
1403.70
1436.85
1451.97
1430.34
1389.38
1359.66
1354.35
1351.61
1337.29
1316.27
1301.20
1290.26
1281.62
1272.41
1269.08
1269.23
1272.79
1274.20
1270.60
1269.64
1268.44
1290.98
1322.08
1335.83
1335.74
1322.83
1301.17
1243.08
1177.16
1167.24
1157.02
1139.90
1137.07
1155.58
1187.34
1215.00
1233.95
1233.65
1226.75
1211.05
1208.58
1230.27
1238.23
1234.46
1252.48
1264.05
1256.12
1217.59
1175.24
1144.25
1108.53
1080.49
1047.01
1024.39
1019.76
1037.83
1060.33
1088.73
1099.24
1086.49
1070.63
1065.31
1054.63
1051.13
1060.48
1085.95
1112.22
1135.87
1152.84
1168.99
1186.76
1202.45
1209.08
1210.59
1204.28
1187.62
1162.37
1132.63
1105.64
1080.23
1053.54
1031.87
1015.19
999.16
981.05
963.35
943.75
924.59
903.41
881.03
852.19
837.81
832.17
828.31
824.60
830.15
835.63
843.48
851.04
851.39
840.76
830.03
820.64
817.17
821.63
834.43
855.03
883.94
911.55
932.09
949.10
967.04
980.53
994.55
991.29
1004.01
1023.92
1035.37
1034.93
1043.93
1068.81
1073.55
1072.61
1081.45
1098.36
1134.07
1152.34
1157.99
1164.64
1136.60
1103.24
1102.99
1126.35
1139.72
1124.72
1089.72
1055.96
1050.57
1054.63
1051.88
1050.46
1032.98
1010.12
1007.56
1015.96
1028.80
1059.76
1087.81
1110.23
1126.89
1137.88
1141.27
1138.05
1124.69
1113.21
1111.35
1109.55
1087.49
1079.00
1093.27
1121.46
1146.10
1155.68
1152.95
1148.69
1154.05
1155.91
1148.58
1140.55
1148.56
1164.45
1187.55
1202.77
1181.42
1162.17
1168.80
1194.46
1216.51
1232.06
1238.17
1263.58
1311.33
1340.63
1361.77
1379.17
1379.28
1380.68
1395.81
1412.19
1423.23
1426.08
1417.06
1407.62
1403.76
1400.69
1401.17
1404.84
1408.75
1413.28
1418.01
1421.09
1418.17
1410.25
1401.29
1392.40
1385.23
1377.44
1370.65
1365.09
1360.05
1355.41
1353.14
1348.16
1344.33
1340.40
1335.00
1329.30
1322.56
1313.32
1300.67
1291.87
1282.00
1271.00
1260.33
1250.33
1240.29
1233.89
1230.37
1226.61
1223.08
1219.96
1218.92
1217.24
1215.27
1213.29
1212.20
1210.71
1210.07
1210.43
1210.44
1207.15
1198.74
1190.20
1182.79
1173.33
1164.17
1156.75
1152.69
1149.39
1144.93
1140.07
1139.83
1143.32
1140.34
1136.62
1137.80
1136.02
1134.93
1130.40
1123.82
1116.03
1109.25
1104.71
1097.47
1089.88
1085.35
1080.13
1075.15
1070.78
1066.12
1059.94
1050.25
1041.09
1031.38
1020.71
1008.57
998.03
985.52
972.85
959.67
948.93
938.43
928.81
920.92
916.36
911.89
905.90
901.03
895.88
891.59
887.54
885.66
882.52
878.93
873.49
869.97
867.24
866.37
864.30
861.44
858.13
851.26
845.90
842.80
837.68
833.80
832.40
829.91
825.26
823.09
819.00
811.58
806.13
801.33
795.69
786.98
779.94
769.89
758.99
747.54
734.89
721.37
707.60
690.16
672.84
660.56
649.88
639.37
627.17
618.43
612.68
608.92
606.06
604.36
600.87
599.14
596.21
595.73
595.24
593.59
594.04
591.69
589.93
588.82
587.84
582.29
575.29
571.05
568.30
565.28
561.08
559.41
557.12
552.32
546.26
542.40
538.99
535.40
532.62
528.47
521.73
514.25
506.23
498.18
490.41
482.38
474.65
467.37
460.74
455.27
449.86
444.47
439.77
434.77
429.00
423.58
418.44
413.29
408.03
402.90
398.39
394.46
390.39
385.67
380.94
375.85
370.62
365.39
359.87
354.57
349.40
343.69
337.00
329.30
321.20
313.73
306.38
298.87
291.37
284.62
278.86
273.72
269.67
266.04
262.91
260.30
257.51
254.38
251.41
248.12
243.62
238.59
233.63
228.75
223.91
218.75
213.53
208.25
202.94
197.40
191.36
185.14
179.52
174.30
169.20
164.21
159.20
154.33
149.62
145.02
140.55
136.03
131.40
126.65
121.98
117.74
113.90
110.10
106.08
101.68
97.23
92.98
89.03
85.15
81.44
78.36
75.92
73.80
71.51
69.07
67.00
65.40
63.80
61.99
60.19
58.49
56.85
55.29
53.78
52.45
51.37
50.45
49.62
48.79
47.91
46.98
46.05
45.22
44.50
43.82
43.22
42.66
42.13
41.56
40.71
39.15
36.62
33.41
30.28
27.29
24.67
22.31
19.80
17.24
15.20
13.48
12.17
11.43
11.08
10.81
10.50
10.01
9.23
8.29
7.30
6.30
5.38
4.58
3.95
3.51
3.12
2.78
2.48
2.24
2.03
1.85
1.69
1.56
1.44
1.34
1.25
1.18
1.11
1.04
0.99
0.93
0.88
0.84
0.80
0.77
0.74
0.71
0.68
0.66
0.64
0.62
0.60
0.58
0.57
0.55
0.54
0.53
0.51
0.50
0.49
0.48
0.47
0.45
0.44
0.44
0.43
0.43
0.43
0.43
0.42
0.42
0.41
0.41
0.40
0.39
0.39
0.39
0.38
0.38
0.37
0.37
0.37
0.37
0.36
0.36
0.36
0.36
0.35
0.35
0.35
0.35
0.34
0.34
0.34
0.34
0.34
0.34
0.34
0.34
0.34
0.34
0.34
0.34
0.34
0.34
0.33
0.34
0.34
0.34
0.34
0.34
0.33
0.34
0.33
0.34
0.33
0.33
0.33
0.34
0.33
0.33
0.34
0.33
0.33
0.34
0.33
0.33
0.34
0.33
0.33
0.33
0.34
0.33
0.33
0.34
0.33
0.33
0.34
0.33
0.33
0.34
0.34
0.33
0.34
0.34
0.34
0.34
0.33
0.34
0.34
0.34
0.33
0.34
0.34
0.34
0.34
0.34
0.34
0.34
0.34
0.34
0.34
0.34
0.34
0.34
0.34
0.34
0.34
0.34
0.34
0.34
0.34
0.34
0.34
0.34
0.34
0.34
0.34
0.34
0.34
0.34
0.34
0.34
0.34
0.34
0.34
0.34
0.32
0.32
0.32
0.32
0.32
0.32
0.32
0.32
0.32
0.32
0.32
0.32
0.32
0.32
0.32
0.32
0.32
0.32
0.32
0.32
0.32
0.32
0.32
0.32
0.32
0.32
0.32
0.32
0.32
0.32
0.32
0.32
0.32
0.32
0.32
0.32
0.32
0.32
0.32
0.32
0.32
0.32
0.32
0.32
0.32
0.32
0.32
0.32
0.32
0.32
0.32
0.32
0.32
0.32
0.32
0.32
0.32
0.32
0.32
0.32
0.34
0.34
0.34
0.33
0.34
0.34
0.34
0.34
0.34
0.34
0.34
0.34
0.34
0.34
0.34
0.34
0.34
0.34
0.34
0.34
0.34
0.34
0.34
0.34
0.34
0.34
0.34
0.34
0.34
0.34
0.34
0.34
0.34
0.34
0.34
0.34
0.34
0.34
0.34
0.34
0.34
0.34
0.34
0.34
0.34
0.34
0.34
0.34
0.34
0.34
0.34
0.34
0.34
0.34
0.34
0.34
0.34
0.34
0.34
0.34
0.32
0.32
0.32
0.32
0.32
0.32
0.32
0.32
0.32
0.32
0.32
0.32
0.32
0.32
0.32
0.32
0.32
0.32
0.32
0.32
0.32
0.32
0.32
0.32
0.32
0.32
0.32
0.32
0.32
0.32
0.32
0.32
0.32
0.32
0.32
0.32
0.32
0.32
0.32
0.32
0.32
0.32
0.32
0.32
0.32
0.32
0.32
0.32
0.32
0.32
0.32
0.32
0.32
0.32
0.32
0.32
0.32
0.32
0.32
0.32
0.32
0.32
0.32
0.32
0.32
0.32
0.32
0.32
0.32
0.32
0.32
0.32
0.32
0.32
0.32
0.32
0.32
0.32
0.32
0.32
0.32
0.32
0.32
0.32
0.32
0.32
0.32
0.32
0.32
0.32
0.32
0.32
0.32
0.32
0.32
0.32
0.32
0.32
0.32
0.32
0.32
0.32
0.32
0.32
0.44
0.52
0.53
0.55
0.56
0.56
0.57
0.57
0.57
0.57
0.57
0.57
0.57
0.57
0.57
0.57
0.57
0.57
0.57
0.57
0.57
0.57
0.57
0.57
0.57
0.57
0.57
0.57
0.57
0.57
0.57
0.57
0.57
0.57
0.57
0.57
0.57
0.57
0.57
0.57
0.57
0.57
0.57
0.57
0.57
0.57
0.57
0.57
0.57
0.57
0.57
0.57
0.57
0.57
0.57
0.57
0.57
0.57
0.57
0.57
0.57
0.57
0.57
0.57
0.57
0.57
0.57
0.57
0.57
0.57
0.57
0.57
0.57
0.57
0.57
0.57
0.59
0.58
0.59
0.58
0.59
0.59
0.59
0.59
0.59
0.59
0.59
0.59
0.59
0.59
0.59
0.59
0.59
0.59
0.59
0.59
0.59
0.59
0.59
0.59
0.59
0.58
0.59
0.59
0.59
0.58
0.58
0.58
0.58
0.58
0.58
0.59
0.58
0.58
0.58
0.58
0.58
0.58
0.58
0.58
0.59
0.58
0.58
0.58
0.59
0.58
0.58
0.59
0.58
0.58
0.58
0.58
0.58
0.59
0.59
0.58
0.57
0.57
0.57
0.57
0.57
0.57
0.57
0.57
0.57
0.57
0.57
0.57
0.57
0.57
0.57
0.57
0.57
0.57
0.57
0.57
0.57
0.57
0.57
0.57
0.57
0.57
0.57
0.57
0.57
0.57
0.57
0.57
0.57
0.57
0.57
0.57
0.57
0.57
0.57
0.57
0.57
0.57
0.57
0.57
0.57
0.57
0.57
0.57
0.57
0.57
0.57
0.57
0.57
0.57
0.57
0.57
0.57
0.57
0.57
0.57
0.57
0.57
0.57
0.57
0.57
0.57
0.57
0.57
0.57
0.57
0.57
0.57
0.57
0.57
0.57
0.57
0.57
0.57
0.57
0.57
0.57
0.57
0.57
0.57
0.57
0.57
0.57
0.57
0.57
0.57
0.57
0.57
0.57
0.57
0.57
0.57
0.57
0.57
0.57
0.57
0.47
0.46
0.46
0.46
0.29
0.21
0.22
0.21
0.21
0.21
0.22
0.21
0.21
0.21
0.22
0.21
0.21
0.21
0.22
0.21
0.21
0.21
0.22
0.21
0.21
0.21
0.21
0.21
0.21
0.21
0.21
0.21
0.21
0.21
0.21
0.21
0.21
0.21
0.21
0.21
0.21
0.21
0.21
0.21
0.21
0.21
0.21
0.21
0.21
0.21
0.21
0.21
0.21
0.21
0.21
0.21
0.06
0.05
0.05
0.05
0.15
0.16
0.16
0.16
0.16
0.16
0.16
0.16
0.16
0.16
0.16
0.16
0.16
0.16
0.16
0.16
0.16
0.16
0.16
0.16
0.16
0.16
0.16
0.16
0.16
0.16
0.16
0.16
0.16
0.16
0.16
0.16
0.16
0.16
0.16
0.16
0.16
0.16
0.16
0.16
0.16
0.16
0.16
0.16
0.16
0.16
0.16
0.16
0.16
0.16
0.16
0.16
0.16
0.16
0.16
0.16
0.33
0.33
0.32
0.32
0.32
0.33
0.32
0.32
0.33
0.33
0.33
0.32
0.33
0.33
0.33
0.32
0.33
0.33
0.32
0.33
0.32
0.32
0.33
0.33
0.34
0.34
0.34
0.34
0.34
0.34
0.34
0.34
0.34
0.34
0.34
0.34
0.34
0.34
0.34
0.34
0.34
0.34
0.34
0.34
0.34
0.34
0.34
0.34
0.34
0.34
0.34
0.34
0.34
0.34
0.34
0.34
0.34
0.34
0.34
0.34
0.18
0.18
0.18
0.17
0.18
0.18
0.17
0.18
0.17
0.18
0.17
0.18
0.18
0.17
0.18
0.18
0.17
0.18
0.17
0.18
0.18
0.17
0.18
0.17
0.18
0.18
0.17
0.18
0.17
0.17
0.18
0.17
0.17
0.18
0.17
0.17
0.17
0.17
0.17
0.17
0.17
0.17
0.17
0.17
0.17
0.17
0.17
0.17
0.17
0.17
0.17
0.17
0.17
