0.01
0.01
0.01
0.01
0.01
0.01
0.01
0.01
0.01
0.01
0.01
0.01
0.01
0.01
0.01
0.01
0.01
0.01
0.01
0.01
0.01
0.01
0.01
0.01
0.01
0.01
0.01
0.01
0.01
0.01
0.01
0.01
0.01
0.01
0.01
0.01
0.01
0.01
0.01
0.01
0.01
0.01
0.01
0.01
0.01
0.01
0.01
0.01
0.01
0.01
0.01
0.01
0.01
0.01
0.01
0.01
0.01
0.01
0.01
0.01
0.01
0.01
0.01
0.01
0.01
0.01
0.01
0.01
0.01
0.01
0.01
0.01
0.01
0.01
0.01
0.01
0.01
0.01
0.01
0.01
0.01
0.01
0.01
0.01
0.01
0.01
0.01
0.01
0.01
0.01
0.01
0.01
0.01
0.01
0.01
0.01
0.01
0.01
0.01
0.01
0.01
0.01
0.01
0.01
0.01
0.01
0.01
0.01
0.01
0.01
0.01
0.01
0.01
0.01
0.01
0.01
0.01
0.01
0.01
0.01
0.01
0.01
0.01
0.01
0.01
0.01
0.01
0.01
0.01
0.01
0.01
0.01
0.01
0.01
0.01
0.01
0.01
0.01
0.01
0.01
0.01
0.01
0.01
0.01
0.01
0.01
0.01
0.01
0.01
0.01
0.01
0.01
0.01
0.01
0.01
0.01
0.01
0.01
0.01
0.01
0.01
0.01
0.01
0.01
0.01
0.01
0.01
0.01
0.01
0.01
0.01
0.01
0.01
0.01
0.01
0.01
0.01
0.01
0.01
0.01
0.01
0.01
0.01
0.01
0.01
0.01
0.01
0.01
0.01
0.01
0.01
0.01
0.01
0.01
0.01
0.01
0.01
0.01
0.01
0.01
0.01
0.01
0.01
0.01
0.01
0.01
0.01
0.01
0.01
0.01
0.01
0.01
0.01
0.01
0.01
0.01
0.01
0.01
0.01
0.01
0.01
0.01
0.01
0.01
0.01
0.01
0.01
0.01
0.01
0.01
0.01
0.01
0.01
0.01
0.01
0.01
0.01
0.01
0.01
0.01
0.01
0.01
0.01
0.01
0.01
0.01
0.01
0.01
0.01
0.01
0.01
0.01
0.01
0.01
0.01
0.01
0.01
0.01
0.01
0.01
0.01
0.01
0.01
0.01
0.01
0.01
0.01
0.01
0.01
0.01
0.01
0.01
0.01
0.01
0.01
0.01
0.01
0.01
0.01
0.01
0.01
0.01
0.01
0.01
0.01
0.01
0.01
0.01
0.01
0.01
0.01
0.01
0.01
0.01
0.01
0.01
0.01
0.01
0.01
0.01
0.01
0.01
0.01
0.01
0.01
0.01
0.01
0.01
0.01
0.01
0.01
0.01
0.01
0.01
0.01
0.01
0.01
0.01
0.01
0.01
0.01
0.01
0.01
0.01
0.01
0.01
0.01
0.01
0.01
0.01
0.01
0.01
0.01
0.01
0.01
0.01
0.01
0.01
0.01
0.01
0.01
0.01
0.01
0.01
0.01
0.01
0.01
0.01
0.01
0.01
0.01
0.01
0.01
0.01
0.01
0.01
0.01
0.01
0.01
0.01
0.01
0.01
0.01
0.01
0.01
0.01
0.01
0.01
0.01
0.01
0.01
0.01
0.01
0.01
0.01
0.01
0.01
0.01
0.01
0.01
0.01
0.01
0.01
0.01
0.01
0.01
0.01
0.01
0.01
0.01
0.01
0.01
0.01
0.01
0.01
0.01
0.01
0.01
0.01
0.01
0.01
0.01
0.01
0.01
0.01
0.01
0.01
0.01
0.01
0.01
0.01
0.01
0.01
0.01
0.01
0.01
0.01
0.01
0.01
0.01
0.01
0.01
0.01
0.01
0.01
0.01
0.01
0.01
0.01
0.01
0.01
0.01
0.01
0.01
0.01
0.01
0.01
0.01
0.01
0.01
0.01
0.01
0.01
0.01
0.01
0.01
0.01
0.01
0.01
0.01
0.01
0.01
0.01
0.01
0.01
0.01
0.01
0.01
0.01
0.01
0.01
0.01
0.01
0.01
0.01
0.01
0.01
0.01
0.01
0.01
0.01
0.01
0.01
0.01
0.01
0.01
0.01
0.01
0.01
0.01
0.01
0.01
0.01
0.01
0.01
0.01
0.01
0.01
0.01
0.01
0.01
0.01
0.01
0.01
0.01
0.01
0.01
0.01
0.01
0.01
0.01
0.01
0.01
0.01
0.01
0.01
0.01
0.01
0.01
0.01
0.01
0.01
0.01
0.01
0.01
0.01
0.01
0.01
0.01
0.01
0.01
0.01
0.01
0.01
0.01
0.01
0.01
0.01
0.01
0.01
0.01
0.01
0.01
0.01
0.01
0.01
0.01
0.01
0.01
0.01
0.01
0.01
0.01
0.01
0.01
0.01
0.01
0.01
0.01
0.01
0.01
0.01
0.01
0.01
0.01
0.01
0.01
0.01
0.01
0.01
0.01
0.01
0.01
0.01
0.01
0.01
0.01
0.01
0.01
0.01
0.01
0.01
0.01
0.01
0.01
0.01
0.01
0.01
0.01
0.01
0.01
0.01
0.01
0.01
0.01
0.01
0.01
0.01
0.01
0.01
0.01
0.01
0.01
0.01
0.01
0.01
0.01
0.01
0.01
0.01
0.01
0.01
0.01
0.01
0.01
0.01
0.01
0.01
0.01
0.01
0.01
0.01
0.01
0.01
0.01
0.01
0.01
0.01
0.01
0.01
0.01
0.01
0.01
0.01
0.01
0.01
0.01
0.01
0.01
0.01
0.01
0.01
0.01
0.01
0.01
0.01
0.01
0.01
0.01
0.01
0.01
0.01
0.01
0.01
0.01
0.01
0.01
0.01
0.01
0.01
0.01
0.01
0.02
0.01
0.02
0.02
0.02
0.02
0.02
0.02
0.02
0.02
0.02
0.03
0.03
0.03
0.03
0.03
0.04
0.04
0.05
0.05
0.05
0.06
0.06
0.07
0.08
0.08
0.09
0.1
0.11
0.13
0.14
0.15
0.17
0.19
0.21
0.23
0.26
0.29
0.31
0.35
0.38
0.42
0.46
0.5
0.55
0.59
0.64
0.7
0.76
0.82
0.89
0.95
1.02
1.1
1.18
1.27
1.36
1.45
1.55
1.66
1.77
1.88
2.0
2.12
2.24
2.37
2.5
2.64
2.78
2.93
3.08
3.24
3.4
3.57
3.74
3.92
4.1
4.28
4.47
4.66
4.86
5.05
5.25
5.44
5.65
5.85
6.07
6.28
6.49
6.71
6.93
7.14
7.36
7.58
7.79
8.01
8.23
8.45
8.67
8.9
9.12
9.34
9.57
9.79
10.01
10.23
10.46
10.69
10.93
11.16
11.35
11.56
11.81
12.04
12.22
12.42
12.74
13.13
13.57
13.79
14.14
14.51
14.91
15.39
15.74
16.12
16.58
16.99
17.29
17.6
17.91
18.22
18.51
18.8
19.09
19.39
19.68
19.97
20.27
20.55
20.83
21.11
21.4
21.67
21.94
22.21
22.48
22.76
23.03
23.29
23.55
23.81
24.06
24.31
24.56
24.82
25.07
25.34
25.58
25.82
26.09
26.34
26.58
26.83
27.07
27.31
27.57
27.83
28.08
28.32
28.55
28.76
29.03
29.29
29.51
29.76
30.0
30.22
30.41
30.6
30.9
31.1
31.27
31.52
31.78
32.01
32.24
32.45
32.66
32.86
33.08
33.29
33.5
33.72
33.92
34.13
34.32
34.51
34.71
34.9
35.08
35.25
35.42
35.6
35.79
35.97
36.1
36.3
36.47
36.66
36.84
37.0
37.19
37.35
37.49
37.7
37.87
38.05
38.21
38.38
38.55
38.74
38.93
39.08
39.22
39.38
39.56
39.73
39.98
40.26
40.53
40.79
41.05
41.28
41.46
41.59
41.66
41.89
42.11
42.55
42.97
43.17
43.39
43.57
43.72
43.86
43.98
44.08
44.17
44.22
44.23
44.17
44.09
44.01
43.25
43.15
44.42
44.45
44.52
44.53
44.54
44.53
44.29
43.81
43.58
43.36
43.29
43.13
42.97
43.1
43.19
43.48
43.75
44.47
44.77
44.57
45.5
46.1
46.31
46.49
46.59
47.01
47.19
47.35
47.64
47.76
47.86
48.15
48.08
47.74
48.46
48.85
48.65
49.03
48.98
48.94
48.66
48.67
48.62
48.6
48.55
48.44
48.11
48.35
48.58
48.49
48.53
48.57
48.58
48.71
48.75
48.82
48.87
61.43
66.98
68.51
69.94
71.16
72.03
72.64
72.95
73.23
73.44
73.65
73.74
73.83
73.96
74.0
74.06
74.15
74.16
74.26
74.33
74.4
74.49
74.57
74.63
74.79
74.94
74.8
74.79
73.78
50.14
50.19
50.27
50.32
50.38
50.41
50.44
50.49
50.52
50.54
50.57
50.58
50.62
50.69
50.83
50.98
51.07
51.15
51.23
51.34
51.4
51.45
51.52
51.58
51.61
51.62
51.66
51.67
51.68
51.69
51.67
51.69
51.72
51.71
51.73
51.73
51.73
51.76
51.79
51.8
51.85
51.88
51.91
51.94
51.95
51.99
52.07
52.11
52.17
52.21
52.25
52.29
52.32
52.32
52.33
52.39
52.42
52.43
52.46
52.47
52.51
52.55
52.58
52.6
52.63
52.7
52.7
52.71
52.75
52.8
52.85
52.85
52.88
52.91
52.97
52.97
53.03
53.12
53.17
53.22
53.24
53.3
53.36
53.41
53.45
53.49
53.51
53.55
53.56
53.61
53.65
53.68
53.73
53.75
53.8
53.82
53.88
53.94
53.94
53.99
54.02
54.05
54.06
54.07
54.08
54.15
54.22
54.25
54.28
54.31
54.33
54.35
54.38
54.45
54.51
54.56
54.61
54.67
54.72
54.75
54.76
54.85
54.9
54.99
55.07
55.14
55.25
55.36
55.41
55.46
55.54
55.63
55.71
55.78
55.87
55.95
56.02
56.11
56.17
56.21
56.28
56.4
56.5
56.58
56.65
56.71
56.8
56.9
56.96
57.05
57.16
57.26
57.38
57.52
57.67
57.83
58.0
58.15
58.38
58.61
58.83
59.15
59.49
59.88
60.21
60.57
60.93
61.35
61.75
62.36
63.0
63.68
64.58
65.63
66.83
68.08
69.33
70.61
71.99
73.23
74.57
75.85
76.89
77.91
78.95
79.73
80.44
81.11
81.68
82.25
82.78
83.1
83.23
83.3
83.38
83.51
83.48
83.41
83.18
83.09
83.12
82.98
82.77
82.54
82.3
82.09
81.73
81.19
80.87
80.44
80.05
79.69
79.12
78.4
77.8
77.11
76.68
76.29
75.92
75.54
75.0
74.53
74.07
73.59
73.04
72.21
71.61
71.19
70.65
70.25
70.37
70.57
70.68
70.72
70.84
71.01
71.14
71.09
70.96
70.78
70.56
70.48
70.43
70.28
70.31
70.39
70.26
70.25
70.25
70.26
70.17
70.12
70.09
70.05
70.01
70.03
70.08
70.21
70.26
70.41
70.6
70.74
70.84
70.89
70.92
71.03
71.14
71.3
71.39
71.61
71.74
72.06
72.38
72.65
73.05
73.37
73.62
73.93
74.24
74.68
75.08
75.5
75.93
76.36
76.76
76.95
76.96
76.98
76.73
76.55
76.52
76.5
76.46
76.47
76.46
76.41
76.35
76.52
76.7
76.88
76.98
77.11
77.41
77.8
78.18
78.91
79.85
80.6
81.12
81.64
82.11
82.41
82.62
82.77
82.76
82.63
82.54
82.54
83.01
83.13
83.42
83.87
84.19
84.42
84.8
85.11
85.58
86.29
87.08
87.85
88.22
89.61
90.82
92.14
93.52
95.03
96.55
97.9
100.98
100.64
100.03
100.07
99.89
101.08
101.56
101.83
103.51
104.43
104.47
105.05
107.22
109.42
110.74
115.73
118.48
119.86
120.23
119.19
120.07
120.87
120.79
120.42
120.35
117.44
119.04
120.87
120.99
116.53
119.6
120.25
121.83
121.18
124.17
123.62
125.45
125.17
123.52
127.13
129.59
131.37
133.01
134.31
136.02
137.86
140.23
144.57
147.43
148.94
152.93
157.08
162.07
167.62
173.07
177.35
179.96
182.36
184.08
185.22
184.76
186.14
191.32
195.11
197.14
196.95
198.83
201.06
203.73
209.56
212.79
212.9
214.14
222.16
230.15
234.42
236.91
237.46
240.29
246.04
247.04
248.85
255.43
256.24
251.46
251.69
259.01
256.51
255.88
258.52
259.84
256.54
247.49
245.6
247.48
249.35
247.32
246.79
242.98
241.35
240.68
244.41
247.69
248.54
251.47
251.37
256.19
260.19
262.59
268.76
272.65
279.08
282.64
282.47
284.74
284.33
284.5
279.33
274.21
272.47
271.27
276.19
272.66
270.21
274.17
266.78
265.65
258.34
263.2
268.19
264.35
264.5
262.2
261.53
256.99
251.86
246.97
241.28
232.52
227.5
228.09
228.07
232.29
233.3
230.23
243.06
260.46
256.5
258.95
266.95
267.13
262.15
252.33
247.99
246.21
240.65
228.96
226.26
237.95
240.15
238.35
233.95
229.65
224.96
222.42
221.64
222.42
221.52
219.13
221.29
221.59
220.18
221.58
224.4
225.44
226.72
224.36
225.53
228.17
227.4
227.22
226.64
229.08
229.69
232.51
234.48
240.79
246.18
254.48
261.96
274.34
286.47
295.05
300.25
307.55
321.08
329.54
340.11
340.86
347.9
356.79
367.96
372.74
376.22
373.96
385.75
395.72
394.35
387.18
398.33
398.4
402.16
403.22
400.68
402.99
407.19
400.95
389.01
391.83
393.58
393.86
392.3
389.96
388.81
389.68
391.83
392.0
404.17
405.96
393.9
387.51
427.0
506.79
620.88
761.93
896.03
1084.4
1260.81
1464.7
1708.17
1833.51
1922.47
1977.24
2007.14
2035.83
2046.29
2048.98
2074.97
2059.43
2048.48
2015.75
2038.94
2009.24
1957.41
1787.5
1795.01
1767.13
1888.63
2113.11
2096.14
2073.33
2015.06
1807.65
1982.06
2003.18
1969.4
1898.77
1851.84
1883.41
1749.66
1544.28
1713.58
1819.36
1820.07
1823.3
1786.93
1910.61
1998.24
2049.56
2083.38
2120.95
2201.65
2009.51
1983.48
1990.02
2152.64
2169.9
2255.94
2293.34
2294.17
2281.54
2272.98
2255.11
2258.93
2232.77
2098.9
1965.17
1946.45
1914.7
1660.47
1599.73
2051.58
1917.02
2029.33
2062.18
2220.85
2113.89
2064.38
1817.38
1263.16
1792.72
2120.25
2107.76
1829.93
1809.95
2024.98
2166.03
2034.01
2078.54
1873.65
1929.78
2162.14
2107.6
1985.62
2163.02
2217.55
2282.5
2297.55
2079.97
1855.08
1503.11
1393.01
748.03
941.93
1050.75
1655.9
1416.78
1664.78
1803.1
1673.04
1317.04
1502.78
1317.08
1222.11
1513.38
1673.35
1797.88
1878.07
1905.02
1869.92
1964.63
2047.25
2074.47
2035.44
2057.23
2061.08
2202.03
2205.86
1981.57
1408.36
1413.94
1175.83
1317.94
1610.81
1708.26
1124.95
898.48
1195.99
1308.14
1191.85
1326.34
1412.43
1639.33
1744.03
2037.17
2045.28
1924.17
1778.43
1745.62
1862.23
1822.85
1585.66
1019.21
1319.09
1586.03
1454.15
1598.92
1733.25
1588.05
1742.99
1911.95
2033.11
1988.35
1925.67
1980.42
1664.34
1707.71
1754.61
1986.32
2062.84
2110.99
2144.71
2144.07
2105.16
1932.98
1616.64
1715.22
1690.34
1677.49
1673.99
1734.82
1809.21
1792.23
1787.05
1782.56
1768.63
1755.82
1722.11
1787.19
1812.97
1813.19
1832.13
1836.34
1812.86
1753.56
1627.36
1665.49
1698.02
1660.05
1702.6
1738.25
1748.21
1777.14
1764.13
1710.99
1630.3
1637.32
1590.95
1475.26
1473.43
1596.22
1596.76
1579.78
1598.21
1623.05
1567.04
1562.45
1568.62
1565.49
1580.94
1582.39
1598.88
1594.4
1576.08
1559.35
1459.76
1431.09
1344.41
1276.07
1278.71
1223.8
1184.26
1065.79
979.0
850.95
727.35
623.96
572.16
551.88
543.24
545.59
543.4
532.63
528.77
514.51
505.74
503.34
505.99
516.65
508.15
501.09
500.04
496.64
497.71
501.3
507.04
497.35
489.43
493.84
495.27
495.15
500.2
502.96
492.92
492.72
487.85
491.34
489.64
485.06
479.77
476.37
477.54
470.53
466.95
473.26
494.79
492.87
491.03
492.93
484.46
475.63
475.43
483.04
485.0
480.12
493.82
512.01
512.74
505.88
504.04
495.61
498.28
498.85
504.11
509.47
505.37
500.83
492.5
481.27
477.28
480.45
485.13
491.06
495.12
494.94
508.06
517.27
542.65
588.19
663.67
781.23
871.33
929.25
1018.27
1134.98
1228.66
1227.96
1237.09
1211.09
1165.85
1120.54
1104.53
1112.74
1055.54
962.97
931.19
995.28
1000.3
1041.13
1055.88
1037.3
1004.94
977.21
1007.32
1029.11
1024.87
993.4
1039.79
1073.85
1025.35
1015.19
1011.11
995.12
960.2
960.24
985.21
945.71
1010.12
984.97
971.04
873.63
922.34
941.3
946.76
933.52
864.85
785.94
798.82
797.94
778.39
724.43
677.11
633.58
648.1
631.48
636.76
604.48
667.83
693.07
667.0
684.57
656.6
641.64
635.01
667.94
671.48
676.68
660.84
652.75
685.4
681.1
698.38
690.72
679.59
747.24
762.52
767.23
723.12
693.81
645.94
577.31
525.62
546.35
522.94
527.31
522.1
539.34
533.14
557.72
586.42
552.29
524.13
533.01
559.3
561.11
566.24
564.24
543.2
528.65
530.74
540.02
548.37
544.75
537.53
549.04
552.95
573.38
546.42
513.18
481.86
443.12
440.1
466.92
482.27
484.89
492.1
495.89
499.31
494.82
499.38
490.41
494.76
497.11
484.28
444.32
424.83
414.51
424.01
466.69
477.34
486.83
466.12
464.54
456.21
447.88
469.49
473.18
489.3
461.29
448.63
447.77
442.79
416.84
406.0
393.34
367.25
348.18
335.23
325.56
310.45
296.79
292.13
301.34
302.29
312.46
312.66
306.95
297.98
296.81
295.95
305.37
305.37
293.3
276.02
276.02
274.59
271.84
287.22
298.85
300.35
296.17
284.05
277.37
277.46
268.76
258.14
252.65
243.81
235.54
227.62
219.22
210.95
206.61
201.08
194.81
189.45
187.3
187.37
186.68
185.53
185.21
184.53
180.72
178.27
178.27
179.24
178.11
177.81
178.46
179.79
179.85
176.68
175.05
175.45
175.21
172.86
168.51
165.56
165.05
164.3
162.48
161.87
161.7
159.65
159.36
158.97
158.45
157.35
156.95
156.68
156.44
155.77
155.11
154.02
152.71
151.61
151.12
150.92
149.68
148.25
146.08
143.71
141.48
139.29
137.75
136.68
135.5
134.38
134.33
135.3
136.25
134.23
132.53
131.66
132.01
130.9
130.79
130.69
130.6
130.96
131.33
131.31
130.28
130.35
130.21
129.93
129.33
128.73
127.56
126.56
125.69
124.49
122.93
121.25
119.66
118.13
116.87
116.01
115.39
114.93
114.55
114.09
113.43
112.56
111.61
110.71
109.75
108.56
107.22
105.9
104.58
103.26
101.88
100.48
99.13
97.8
96.48
95.21
93.95
92.7
91.44
90.19
88.93
87.7
86.52
85.42
84.54
83.82
83.17
82.51
81.85
81.21
80.63
80.04
79.5
78.99
78.56
78.21
77.9
77.59
77.27
76.97
76.75
76.62
76.46
76.31
76.06
75.7
75.24
74.83
74.47
74.03
73.55
73.03
72.44
71.83
71.2
70.65
70.25
70.01
69.93
70.02
70.21
70.41
70.58
70.64
70.56
70.38
70.07
69.63
69.0
68.13
67.16
66.3
65.43
64.53
63.6
62.67
61.75
60.98
60.35
59.84
59.43
59.1
58.84
58.62
58.44
58.28
58.05
57.72
57.29
56.77
56.15
55.43
54.59
53.65
52.66
51.66
50.63
49.61
48.62
47.68
46.8
45.95
45.11
44.29
43.49
42.72
41.97
41.27
40.59
39.89
39.16
38.4
37.64
36.88
36.14
35.45
34.85
34.34
33.93
33.57
33.23
32.93
32.63
32.35
32.09
31.86
31.68
31.52
31.38
31.24
31.11
30.95
30.76
30.57
30.37
30.16
29.99
29.8
29.67
29.57
29.5
29.48
29.47
29.45
29.44
29.41
29.36
29.27
29.12
28.93
28.7
28.49
28.32
28.15
27.98
27.77
27.53
27.21
26.8
26.33
25.78
25.19
24.6
24.02
23.47
22.95
22.46
22.0
21.56
21.14
20.73
20.32
19.91
19.51
19.1
18.69
18.26
17.83
17.4
16.96
16.52
16.06
15.59
15.13
14.67
14.22
13.78
13.35
12.94
12.57
12.24
11.95
11.71
11.52
11.37
11.25
11.14
11.06
10.97
10.88
10.76
10.63
10.48
10.31
10.13
9.91
9.66
9.38
9.07
8.73
8.39
8.04
7.7
7.36
7.04
6.74
6.47
6.22
6.0
5.8
5.61
5.44
5.29
5.14
5.0
4.86
4.73
4.59
4.46
4.32
4.19
4.05
3.92
3.78
3.63
3.49
3.34
3.19
3.05
2.91
2.77
2.64
2.52
2.4
2.29
2.17
2.07
1.97
1.87
1.77
1.67
1.57
1.48
1.39
1.31
1.23
1.16
1.1
1.04
0.98
0.93
0.89
0.84
0.79
0.75
0.71
0.66
0.62
0.59
0.55
0.52
0.48
0.45
0.42
0.39
0.36
0.34
0.31
0.29
0.26
0.25
0.22
0.21
0.19
0.18
0.16
0.15
0.14
0.13
0.12
0.11
0.1
0.09
0.09
0.08
0.07
0.07
0.06
0.06
0.05
0.05
0.04
0.04
0.04
0.04
0.03
0.03
0.03
0.03
0.03
0.02
0.02
0.02
0.02
0.02
0.02
0.02
0.02
0.02
0.01
0.02
0.02
0.01
0.01
0.02
0.01
0.01
0.01
0.01
0.01
0.01
0.01
0.01
0.01
0.01
0.01
0.01
0.01
0.01
0.01
0.01
0.01
0.01
0.01
0.01
0.01
0.01
0.01
0.01
0.01
0.01
0.01
0.01
0.01
0.01
0.01
0.01
0.01
0.01
0.01
0.01
0.01
0.01
0.01
0.01
0.01
0.01
0.01
0.01
0.01
0.01
0.01
0.01
0.01
0.01
0.01
0.01
0.01
0.01
0.01
0.01
0.01
0.01
0.01
0.01
0.01
0.01
0.01
0.01
0.01
0.01
0.01
0.01
0.01
0.01
0.01
0.01
0.01
0.01
0.01
0.01
0.01
0.01
0.01
0.01
0.01
0.01
0.01
0.01
0.01
0.01
0.01
0.01
0.01
0.01
0.01
0.01
0.01
0.01
0.01
0.01
0.01
0.01
0.01
0.01
0.01
0.01
0.01
0.01
0.01
0.01
0.01
0.01
0.01
0.01
0.01
0.01
0.01
0.01
0.01
0.01
0.01
0.01
0.01
0.01
0.01
0.01
0.01
0.01
0.01
0.01
0.01
0.01
0.01
0.01
0.01
0.01
0.01
0.01
0.01
0.01
0.01
0.01
0.01
0.01
0.01
0.01
0.01
0.01
0.01
0.01
0.01
0.01
0.01
0.01
0.01
0.01
0.01
0.01
0.01
0.01
0.01
0.01
0.01
0.01
0.01
0.01
0.01
0.01
0.01
0.01
0.01
0.01
0.01
0.01
0.01
0.01
0.01
0.01
0.01
0.01
0.01
0.01
0.01
0.01
0.01
0.01
0.01
0.01
0.01
0.01
0.01
0.01
0.01
0.01
0.01
0.01
0.01
0.01
0.01
0.01
0.01
0.01
0.01
0.01
0.01
0.01
0.01
0.01
0.01
0.01
0.01
0.01
0.01
0.01
0.01
0.01
0.01
0.01
0.01
0.01
0.01
0.01
0.01
0.01
0.01
0.01
0.01
0.01
0.01
0.01
0.01
0.01
0.01
0.01
0.01
0.01
0.01
0.01
0.01
0.01
0.01
0.01
0.01
0.01
0.01
0.01
0.01
0.01
0.01
0.01
0.01
0.01
0.01
0.01
0.01
0.01
0.01
0.01
0.01
0.01
0.01
0.01
0.01
0.01
0.01
0.01
0.01
0.01
0.01
0.01
0.01
0.01
0.01
0.01
0.01
0.01
0.01
0.01
0.01
0.01
0.01
0.01
0.01
0.01
0.01
0.01
0.01
0.01
0.01
0.01
0.01
0.01
0.01
0.01
0.01
0.01
0.01
0.01
0.01
0.01
0.01
0.01
0.01
0.01
0.01
0.01
0.01
0.01
0.01
0.01
0.01
0.01
0.01
0.01
0.01
0.01
0.01
0.01
0.01
0.01
0.01
0.01
0.01
0.01
0.01
0.01
0.01
0.01
0.01
0.01
0.01
0.01
0.01
0.01
0.01
0.01
0.01
0.01
0.01
0.01
0.01
0.01
0.01
0.01
0.01
0.01
0.01
0.01
0.01
0.01
0.01
0.01
0.01
0.01
0.01
0.01
0.01
0.01
0.01
0.01
0.01
0.01
0.01
0.01
0.01
0.01
0.01
0.01
0.01
0.01
0.01
0.01
0.01
0.01
0.01
0.01
0.01
0.01
0.01
0.01
0.01
0.01
0.01
0.01
0.01
0.01
0.01
0.01
0.01
0.01
0.01
0.01
0.01
0.01
0.01
0.01
0.01
0.01
0.01
0.01
0.01
0.01
0.01
0.01
0.01
0.01
0.01
0.01
0.01
0.01
0.01
0.01
0.01
0.01
