0.02
0.02
0.02
0.02
0.02
0.02
0.02
0.02
0.02
0.02
0.02
0.02
0.02
0.02
0.02
0.02
0.02
0.02
0.02
0.02
0.02
0.02
0.02
0.02
0.02
0.02
0.02
0.02
0.02
0.02
0.02
0.02
0.02
0.02
0.02
0.02
0.02
0.02
0.02
0.02
0.02
0.02
0.02
0.02
0.02
0.02
0.02
0.02
0.02
0.02
0.02
0.02
0.02
0.02
0.02
0.02
0.02
0.02
0.02
0.02
0.02
0.02
0.02
0.02
0.02
0.02
0.02
0.02
0.02
0.02
0.02
0.02
0.02
0.02
0.02
0.02
0.02
0.02
0.02
0.02
0.02
0.02
0.02
0.02
0.02
0.02
0.02
0.02
0.02
0.02
0.02
0.02
0.02
0.02
0.02
0.02
0.02
0.02
0.02
0.02
0.02
0.02
0.02
0.02
0.02
0.02
0.02
0.02
0.02
0.02
0.02
0.02
0.02
0.02
0.02
0.02
0.02
0.02
0.02
0.02
0.02
0.02
0.02
0.02
0.02
0.02
0.02
0.02
0.02
0.02
0.02
0.02
0.02
0.02
0.02
0.02
0.02
0.02
0.02
0.02
0.02
0.02
0.02
0.02
0.02
0.02
0.02
0.02
0.02
0.02
0.02
0.02
0.02
0.02
0.02
0.02
0.02
0.02
0.02
0.02
0.02
0.02
0.02
0.02
0.02
0.02
0.02
0.02
0.02
0.02
0.02
0.02
0.02
0.02
0.02
0.02
0.02
0.02
0.02
0.02
0.02
0.02
0.02
0.02
0.02
0.02
0.02
0.02
0.02
0.02
0.02
0.02
0.02
0.02
0.02
0.02
0.02
0.02
0.02
0.02
0.02
0.02
0.02
0.02
0.02
0.02
0.02
0.02
0.02
0.02
0.02
0.02
0.02
0.02
0.02
0.02
0.02
0.02
0.02
0.02
0.02
0.02
0.02
0.02
0.02
0.02
0.02
0.02
0.02
0.02
0.02
0.02
0.02
0.02
0.02
0.02
0.02
0.02
0.02
0.02
0.02
0.02
0.02
0.02
0.02
0.02
0.02
0.02
0.02
0.02
0.02
0.02
0.02
0.02
0.02
0.02
0.02
0.02
0.02
0.02
0.02
0.02
0.02
0.02
0.02
0.02
0.02
0.02
0.02
0.02
0.02
0.02
0.02
0.02
0.02
0.02
0.02
0.02
0.02
0.02
0.02
0.02
0.02
0.02
0.02
0.02
0.02
0.02
0.02
0.02
0.02
0.02
0.02
0.02
0.02
0.02
0.02
0.02
0.02
0.02
0.02
0.02
0.02
0.02
0.02
0.02
0.02
0.02
0.02
0.02
0.02
0.02
0.02
0.02
0.02
0.02
0.02
0.02
0.02
0.02
0.02
0.02
0.02
0.02
0.02
0.02
0.02
0.02
0.02
0.02
0.02
0.02
0.02
0.02
0.02
0.02
0.02
0.02
0.02
0.02
0.02
0.02
0.02
0.02
0.02
0.02
0.02
0.02
0.02
0.02
0.02
0.02
0.02
0.02
0.02
0.02
0.02
0.02
0.02
0.02
0.02
0.02
0.02
0.02
0.02
0.02
0.02
0.02
0.02
0.02
0.02
0.02
0.02
0.02
0.02
0.02
0.02
0.02
0.02
0.02
0.02
0.02
0.02
0.02
0.02
0.02
0.02
0.02
0.02
0.02
0.02
0.02
0.02
0.02
0.02
0.02
0.02
0.02
0.02
0.02
0.02
0.02
0.02
0.02
0.02
0.02
0.02
0.02
0.02
0.02
0.02
0.02
0.02
0.02
0.02
0.02
0.02
0.02
0.02
0.02
0.02
0.02
0.02
0.02
0.02
0.02
0.02
0.02
0.02
0.02
0.02
0.02
0.02
0.02
0.02
0.02
0.02
0.02
0.02
0.02
0.02
0.02
0.02
0.02
0.02
0.02
0.02
0.02
0.02
0.02
0.02
0.02
0.02
0.02
0.02
0.02
0.02
0.02
0.02
0.02
0.02
0.02
0.02
0.02
0.02
0.02
0.02
0.02
0.02
0.02
0.02
0.02
0.02
0.02
0.02
0.02
0.02
0.02
0.02
0.02
0.02
0.02
0.02
0.02
0.02
0.02
0.02
0.02
0.02
0.02
0.02
0.02
0.02
0.02
0.02
0.02
0.02
0.02
0.02
0.02
0.02
0.02
0.02
0.02
0.02
0.02
0.02
0.02
0.02
0.02
0.02
0.02
0.02
0.02
0.02
0.02
0.02
0.02
0.02
0.02
0.02
0.02
0.02
0.02
0.02
0.02
0.02
0.02
0.02
0.02
0.02
0.02
0.02
0.02
0.02
0.02
0.02
0.02
0.02
0.02
0.02
0.02
0.02
0.02
0.02
0.02
0.02
0.02
0.02
0.02
0.02
0.02
0.02
0.02
0.02
0.02
0.02
0.02
0.02
0.02
0.02
0.02
0.02
0.02
0.02
0.02
0.02
0.02
0.02
0.02
0.02
0.02
0.02
0.02
0.02
0.02
0.02
0.02
0.02
0.02
0.02
0.02
0.02
0.02
0.02
0.02
0.02
0.02
0.02
0.02
0.02
0.02
0.02
0.02
0.02
0.02
0.02
0.02
0.02
0.02
0.02
0.02
0.02
0.02
0.02
0.02
0.02
0.02
0.02
0.02
0.02
0.02
0.02
0.02
0.02
0.02
0.02
0.02
0.02
0.02
0.02
0.02
0.02
0.02
0.02
0.02
0.02
0.02
0.02
0.02
0.02
0.02
0.02
0.02
0.02
0.02
0.02
0.02
0.02
0.02
0.02
0.02
0.02
0.02
0.02
0.02
0.02
0.02
0.02
0.02
0.02
0.02
0.02
0.02
0.02
0.02
0.02
0.02
0.02
0.02
0.02
0.02
0.02
0.02
0.02
0.02
0.02
0.02
0.02
0.02
0.02
0.02
0.02
0.02
0.02
0.02
0.02
0.02
0.02
0.02
0.02
0.02
0.02
0.02
0.02
0.02
0.02
0.02
0.02
0.02
0.02
0.02
0.02
0.02
0.02
0.02
0.02
0.02
0.02
0.02
0.02
0.02
0.02
0.02
0.02
0.02
0.02
0.02
0.02
0.02
0.02
0.02
0.02
0.02
0.02
0.02
0.02
0.02
0.02
0.02
0.02
0.02
0.02
0.02
0.02
0.02
0.02
0.02
0.02
0.02
0.02
0.02
0.02
0.02
0.02
0.02
0.02
0.02
0.02
0.02
0.02
0.02
0.02
0.02
0.02
0.02
0.02
0.02
0.02
0.02
0.02
0.02
0.02
0.02
0.02
0.02
0.02
0.02
0.02
0.02
0.02
0.02
0.02
0.02
0.02
0.02
0.02
0.02
0.02
0.02
0.02
0.02
0.02
0.02
0.02
0.02
0.02
0.02
0.02
0.02
0.02
0.02
0.03
0.02
0.03
0.03
0.03
0.03
0.03
0.03
0.03
0.04
0.04
0.04
0.05
0.05
0.05
0.06
0.07
0.07
0.08
0.08
0.09
0.10
0.11
0.12
0.13
0.15
0.17
0.18
0.20
0.22
0.24
0.27
0.30
0.33
0.36
0.40
0.44
0.48
0.53
0.57
0.63
0.68
0.74
0.80
0.86
0.92
0.99
1.07
1.15
1.23
1.31
1.40
1.49
1.57
1.65
1.74
1.82
1.92
2.02
2.13
2.25
2.37
2.49
2.62
2.76
2.90
3.04
3.17
3.32
3.46
3.62
3.77
3.94
4.11
4.28
4.46
4.64
4.82
5.01
5.20
5.39
5.58
5.79
5.99
6.21
6.43
6.64
6.84
7.03
7.23
7.41
7.60
7.79
7.98
8.17
8.37
8.58
8.80
9.02
9.23
9.44
9.64
9.86
10.08
10.32
10.56
10.78
11.02
11.25
11.48
11.72
11.95
12.16
12.37
12.59
12.82
13.06
13.31
13.55
13.78
14.01
14.23
14.45
14.67
14.89
18.12
34.66
36.16
37.69
38.94
39.89
40.63
41.21
41.67
42.01
42.34
42.63
42.86
43.13
43.38
43.62
43.85
44.04
44.22
44.42
44.61
44.80
45.00
45.20
45.37
45.52
45.75
45.95
46.12
46.33
46.53
46.73
46.93
47.14
47.32
47.51
47.69
47.85
48.07
48.25
48.40
48.64
48.88
49.07
49.24
49.44
49.64
49.80
49.99
50.17
50.34
50.52
50.74
50.91
51.10
51.28
51.45
51.64
51.80
52.04
52.23
52.41
52.56
52.77
53.02
53.23
53.45
53.65
53.82
53.96
54.16
54.32
54.51
54.70
54.85
55.00
55.15
55.30
55.48
55.62
55.83
56.01
56.21
56.38
56.57
56.76
56.92
57.05
57.22
57.38
57.53
57.70
57.86
58.04
58.17
58.33
58.52
58.67
58.82
58.96
59.14
59.30
59.43
59.59
59.70
59.82
59.96
60.06
60.19
60.36
60.50
60.66
60.77
60.85
61.00
61.15
61.31
61.47
61.64
61.78
61.97
62.11
62.24
62.43
62.60
62.76
62.87
63.03
63.18
63.34
63.46
63.58
63.72
63.87
64.03
64.19
64.34
64.51
64.65
64.81
64.94
65.10
65.22
65.35
65.53
65.66
65.78
65.98
66.15
66.30
66.49
66.70
66.80
66.92
67.05
67.25
67.39
67.51
67.67
67.78
67.87
68.03
68.19
68.33
68.43
68.56
68.72
68.83
68.94
69.08
69.20
69.34
69.52
69.68
69.78
69.93
70.11
70.22
70.36
70.50
70.63
70.77
70.90
71.04
71.13
71.27
71.40
71.52
71.66
71.82
71.97
72.07
72.24
72.42
72.54
72.68
72.81
72.91
73.09
73.21
73.28
73.43
73.55
73.66
73.79
73.92
74.05
74.17
74.31
74.43
74.59
74.77
74.92
75.09
75.21
75.39
75.52
75.63
75.79
75.88
76.01
76.14
76.26
76.42
76.50
76.66
76.75
76.97
77.10
77.27
77.38
77.55
77.69
77.78
77.91
78.03
78.19
78.35
78.49
78.60
78.72
78.84
78.97
79.07
79.20
79.34
79.43
79.51
79.59
79.71
79.81
79.93
80.07
80.22
80.34
80.45
80.66
80.82
80.91
81.10
81.31
81.58
81.89
82.18
82.46
82.62
82.77
82.88
82.98
83.11
83.26
83.40
83.54
83.70
83.85
84.02
84.25
84.49
84.78
85.07
85.34
85.74
86.07
86.37
86.57
86.73
86.85
86.99
87.21
87.42
87.58
87.66
87.60
87.47
87.23
86.98
86.81
86.69
86.58
86.50
86.35
86.16
85.98
85.87
85.80
85.81
85.85
85.90
86.02
86.15
86.14
86.16
86.17
86.14
86.16
86.19
86.23
86.36
86.49
86.58
86.62
86.65
86.62
86.61
86.57
86.57
86.50
86.54
86.50
86.46
86.46
86.47
86.49
86.49
86.43
86.42
86.34
86.30
86.29
86.25
86.22
86.25
86.25
86.23
86.28
86.30
86.28
86.28
86.26
86.25
86.24
86.25
86.23
86.19
86.18
86.20
86.24
86.27
86.31
86.29
86.32
86.33
86.32
86.31
86.31
86.31
86.31
86.34
86.38
86.42
86.41
86.38
86.44
86.45
86.47
86.48
86.47
86.47
86.50
86.49
86.49
86.51
86.53
86.60
86.65
86.73
86.83
86.92
86.91
86.98
87.05
87.07
87.16
87.25
87.32
87.41
87.51
87.62
87.71
87.85
87.94
88.03
88.06
88.16
88.24
88.21
88.25
88.29
88.35
88.46
88.54
88.64
88.70
88.77
88.88
88.96
89.02
89.11
89.22
89.31
89.43
89.50
89.63
89.71
89.80
89.88
89.99
90.17
90.35
90.48
90.61
90.73
90.80
90.91
90.96
91.04
91.13
91.23
91.33
91.50
91.62
91.77
91.92
92.07
92.22
92.37
92.48
92.59
92.66
92.72
92.75
92.81
92.85
92.99
93.20
93.46
93.79
94.08
94.31
94.54
94.70
94.87
95.05
95.21
95.39
95.51
95.56
95.66
95.81
95.94
96.05
96.18
96.24
96.47
96.62
96.81
96.92
97.12
97.20
97.29
97.52
97.71
97.91
98.08
98.29
98.49
98.62
98.82
99.02
99.18
99.33
99.48
99.67
99.80
100.06
100.31
100.56
100.78
101.10
101.42
101.75
102.10
102.39
102.66
102.91
103.22
103.45
103.71
104.00
104.26
104.58
104.94
105.31
105.58
105.90
106.24
106.55
106.85
107.14
107.31
107.51
107.76
107.97
108.14
108.30
108.48
108.69
108.86
109.03
109.24
109.32
109.38
109.52
109.58
109.76
109.93
110.03
110.19
110.37
110.55
110.83
110.98
111.09
111.28
111.51
111.64
111.87
112.00
112.18
112.43
112.59
112.78
112.96
113.08
113.19
113.30
113.40
113.49
113.56
113.66
113.79
113.99
114.24
114.49
114.60
114.70
114.81
114.86
115.11
115.48
115.72
116.04
116.25
116.52
116.82
116.99
117.04
117.10
117.10
117.13
117.28
117.53
117.68
117.76
117.90
118.10
118.25
118.40
118.62
118.66
118.69
118.71
118.81
118.98
119.08
119.42
119.40
119.55
119.73
119.89
119.98
120.11
120.21
120.32
120.42
120.47
120.61
120.73
120.82
120.95
121.09
121.23
121.38
121.52
121.71
121.85
122.08
122.31
122.51
122.77
123.05
123.30
123.55
123.79
123.95
124.09
124.19
124.28
124.37
124.41
124.46
124.51
124.53
124.51
124.46
124.42
124.35
124.44
124.55
124.71
124.94
125.09
125.23
125.34
125.44
125.67
125.82
125.96
126.17
126.45
126.61
126.73
126.86
126.92
126.05
125.53
125.24
125.11
127.01
127.92
128.16
128.06
128.25
128.42
128.50
128.52
128.25
127.96
127.84
127.62
126.91
127.63
127.75
128.07
128.22
128.20
128.29
128.34
128.34
128.31
128.27
128.23
128.26
128.19
127.83
126.96
126.63
126.61
126.31
127.72
127.90
127.80
127.72
127.59
127.52
127.48
127.32
127.09
127.14
127.01
126.84
126.80
126.64
126.57
126.53
126.37
126.26
126.05
126.01
125.96
125.81
125.69
125.61
125.52
125.55
125.57
125.57
125.47
125.47
125.46
125.55
125.65
125.67
125.75
125.76
125.95
126.06
126.10
126.13
126.26
126.32
126.45
126.68
126.75
127.05
127.23
127.64
128.00
128.13
128.23
128.27
128.23
128.23
128.24
128.24
128.40
128.61
128.75
128.83
128.95
129.08
129.28
129.31
129.45
129.63
129.64
129.69
129.71
129.68
129.67
129.71
129.52
129.36
129.33
129.19
129.06
128.70
128.34
128.20
128.12
128.04
127.89
127.72
127.76
127.71
127.68
127.63
127.77
127.87
127.99
128.10
128.24
128.30
128.32
128.35
128.38
128.44
128.53
128.60
128.80
128.94
128.96
128.99
129.00
128.93
128.89
128.89
128.99
129.14
129.25
129.31
129.40
129.50
129.50
129.54
129.60
129.84
129.77
129.75
129.88
129.92
129.99
130.07
130.15
130.11
130.07
130.15
130.38
130.81
131.49
132.37
133.29
134.15
134.95
135.70
136.31
136.71
137.13
137.51
137.83
138.18
138.54
138.90
139.54
140.45
141.58
142.72
143.95
145.14
146.10
146.84
147.65
148.53
149.34
150.24
151.23
152.15
153.05
153.97
154.85
155.76
156.70
157.69
158.66
159.61
160.58
161.55
162.52
163.48
164.48
165.24
166.20
167.22
168.23
169.10
170.12
171.09
171.97
172.82
173.74
174.71
175.59
176.33
177.02
177.46
178.11
178.86
179.96
181.35
182.85
184.33
185.59
186.61
187.56
188.50
189.45
190.48
191.41
192.36
193.48
194.54
195.59
196.32
197.09
198.09
199.25
200.25
201.39
202.69
203.80
204.80
205.78
206.66
207.38
208.14
209.00
209.94
210.98
212.08
213.24
214.44
215.65
216.85
218.07
218.97
220.02
221.30
222.41
223.50
224.43
225.06
225.80
226.68
227.60
228.41
229.24
230.33
231.21
232.01
233.08
234.11
235.28
236.43
237.46
238.50
239.23
240.32
241.60
242.94
244.27
245.37
246.81
248.11
249.55
250.82
252.19
253.38
254.53
255.47
256.42
257.39
258.12
259.15
260.05
261.37
262.44
263.67
264.82
265.74
266.63
267.45
268.42
269.29
270.80
272.07
273.53
274.88
276.22
277.18
278.27
278.72
279.00
279.36
279.75
279.76
280.06
280.80
281.50
282.03
282.80
283.69
284.39
284.71
285.19
286.09
287.21
288.30
289.31
289.97
290.59
291.05
292.07
293.45
294.53
295.33
296.63
298.04
298.94
299.67
300.16
300.46
300.57
300.94
301.70
302.77
303.44
303.75
304.06
304.86
305.69
306.40
307.15
307.79
308.76
309.72
310.08
311.35
312.38
313.31
314.27
314.31
314.22
314.92
315.58
316.21
316.63
317.69
318.55
318.93
319.60
319.43
320.07
321.04
322.10
321.23
320.09
320.53
322.70
324.97
326.37
327.48
327.47
327.39
327.05
326.33
325.79
327.00
327.52
327.85
328.05
326.86
327.42
328.68
329.25
330.23
331.61
332.70
334.00
334.99
335.61
336.45
334.56
335.12
338.34
339.93
342.32
345.87
348.07
350.03
352.66
355.07
357.42
360.16
362.89
365.59
369.22
373.51
378.06
385.12
396.76
394.21
395.23
440.58
545.15
679.64
823.56
922.68
1025.81
1044.13
1026.38
1050.51
1045.44
1043.19
1048.47
1066.85
1077.52
1079.52
1077.76
1076.04
1076.75
1080.08
1077.13
1085.96
1088.29
1086.98
1086.90
1084.96
1072.89
1064.60
1070.31
1062.98
1057.28
1040.70
1046.01
1053.42
1055.43
1055.29
1050.65
1043.09
1046.12
1044.52
1036.40
1042.62
1053.78
1057.94
1057.87
1055.04
1047.87
1035.03
1030.46
1018.53
977.51
985.46
986.59
977.89
967.71
966.92
948.27
921.59
948.12
961.31
957.72
959.35
964.38
966.16
963.88
959.48
951.51
947.67
939.90
930.84
927.33
923.39
922.57
911.08
901.69
899.02
900.51
900.26
900.40
893.11
882.08
872.69
866.51
859.98
853.32
851.20
846.43
838.54
827.56
819.57
813.65
806.91
801.04
790.59
775.13
764.41
765.99
773.70
781.12
784.99
787.49
784.55
779.31
772.99
769.02
773.93
773.84
758.33
737.32
730.82
725.11
720.10
719.38
719.30
715.58
716.36
720.68
721.70
723.97
719.13
709.24
699.74
696.22
698.00
694.34
688.67
681.13
674.88
666.07
647.38
649.75
661.49
663.79
669.96
665.26
648.95
626.43
623.04
626.96
629.35
624.49
628.74
626.53
620.92
611.52
603.11
600.25
598.25
592.51
585.03
580.92
578.67
575.28
569.83
564.08
562.42
562.20
559.96
555.50
553.33
554.29
552.24
540.17
523.54
506.80
495.51
487.98
486.79
487.95
487.42
482.26
470.17
456.04
443.15
428.70
418.21
412.57
403.21
390.35
375.21
335.17
272.81
207.63
158.07
133.06
130.51
133.17
130.81
122.58
115.96
112.01
108.63
106.13
104.55
103.52
102.49
101.83
101.37
101.19
101.70
102.02
101.97
100.85
99.22
97.57
96.00
94.39
92.98
91.86
90.95
90.02
88.79
87.44
86.09
84.81
83.68
82.65
81.66
80.64
79.63
78.54
77.46
76.43
75.44
74.44
73.47
72.48
71.32
69.99
68.62
67.36
66.19
64.99
63.67
62.24
60.84
59.49
58.22
57.03
55.93
54.78
53.63
52.47
51.35
50.24
49.23
48.29
47.44
46.65
45.84
45.23
44.55
43.90
43.26
42.65
42.06
41.55
41.05
40.59
40.16
39.75
39.34
39.04
38.75
38.45
38.27
38.03
37.72
37.59
37.40
37.31
37.13
36.98
36.79
36.59
36.38
36.18
35.90
35.69
35.46
35.22
35.03
34.80
34.57
34.32
34.07
33.79
33.48
33.15
32.81
32.44
32.07
31.69
31.27
30.86
30.50
30.09
29.71
29.36
29.07
28.81
28.63
28.48
28.31
28.14
27.94
27.76
27.60
27.44
27.30
27.21
27.07
26.92
26.74
26.62
26.48
26.36
26.29
26.23
26.18
26.14
26.08
25.99
25.96
25.88
25.77
25.71
25.62
25.57
25.53
25.50
25.45
25.42
25.39
25.35
25.37
25.37
25.35
25.30
25.27
25.26
25.25
25.24
25.24
25.21
25.21
25.20
25.18
25.17
25.17
25.16
25.15
25.13
25.17
25.13
25.13
25.15
25.14
25.13
25.17
25.16
25.18
25.18
25.18
25.17
25.18
25.17
25.16
25.18
25.18
25.19
25.20
25.21
25.22
25.21
25.20
25.21
25.21
25.30
25.05
25.12
5.89
0.02
0.02
0.02
0.02
0.02
0.02
0.02
0.02
0.02
0.02
0.02
0.02
0.02
0.02
0.02
0.02
0.02
0.02
0.02
0.02
0.02
0.02
0.02
0.02
0.02
0.02
0.02
0.02
0.02
0.02
0.02
0.02
0.02
0.02
0.02
0.02
0.02
0.02
0.02
0.02
0.02
0.02
0.02
0.02
0.02
0.02
0.02
0.02
0.02
0.02
0.02
0.02
0.02
0.02
0.02
0.02
0.02
0.02
0.02
0.02
0.02
0.02
0.02
0.02
0.02
0.02
0.02
0.02
0.02
0.02
0.02
0.02
0.02
0.02
0.02
0.02
0.02
0.02
0.02
0.02
0.02
0.02
0.02
0.02
0.02
0.02
0.02
0.02
0.02
0.02
0.02
0.02
0.02
0.02
0.02
0.02
0.02
0.02
0.02
0.02
0.02
0.02
0.02
0.02
0.02
0.02
0.02
0.02
0.02
0.02
0.02
0.02
0.02
0.02
0.02
0.02
0.02
0.02
0.02
0.02
0.02
0.02
0.02
0.02
0.02
0.02
0.02
0.02
0.02
0.02
0.02
0.02
0.02
0.02
0.02
0.02
0.02
0.02
0.02
0.02
0.02
0.02
0.02
0.02
0.02
0.02
0.02
0.02
0.02
0.02
0.02
0.02
0.02
0.02
0.02
0.02
0.02
0.02
0.02
0.02
0.02
0.02
0.02
0.02
0.02
0.02
0.02
0.02
0.02
0.02
0.02
0.02
0.02
0.02
0.02
0.02
0.02
0.02
0.02
0.02
0.02
0.02
0.02
0.02
0.02
0.02
0.02
0.02
0.02
0.02
0.02
0.02
0.02
0.02
0.02
0.02
0.02
0.02
0.02
0.02
0.02
0.02
0.02
0.02
0.02
0.02
0.02
0.02
0.02
0.02
0.02
0.02
0.02
0.02
0.02
0.02
0.02
0.02
0.02
0.02
0.02
0.02
0.02
0.02
0.02
0.02
0.02
0.02
0.02
0.02
0.02
0.02
0.02
0.02
0.02
0.02
0.02
0.02
0.02
0.02
0.02
0.02
0.02
0.02
0.02
0.02
0.02
0.02
0.02
0.02
0.02
0.02
0.02
0.02
0.02
0.02
0.02
0.02
0.02
0.02
0.02
0.02
0.02
0.02
0.02
0.02
0.02
0.02
0.02
0.02
0.02
0.02
0.02
0.02
0.02
0.02
0.02
0.02
0.02
0.02
0.02
0.02
0.02
0.02
0.02
0.02
0.02
0.02
0.02
0.02
0.02
0.02
0.02
0.02
0.02
0.02
0.02
0.02
0.02
0.02
0.02
0.02
0.02
0.02
0.02
0.02
0.02
0.02
0.02
0.02
0.02
0.02
0.02
0.02
0.02
0.02
0.02
0.02
0.02
0.02
0.02
0.02
0.02
0.02
0.02
0.02
0.02
0.02
0.02
0.02
0.02
0.02
0.02
0.02
0.02
0.02
0.02
0.02
0.02
0.02
0.02
0.02
0.02
0.02
0.02
0.02
0.02
0.02
0.02
0.02
0.02
0.02
0.02
0.02
0.02
0.02
0.02
0.02
0.02
0.02
0.02
0.02
0.02
0.02
0.02
0.02
0.02
0.02
0.02
0.02
0.02
0.02
0.02
0.02
0.02
0.02
0.02
0.02
0.02
0.02
0.02
0.02
0.02
0.02
0.02
0.02
0.02
0.02
0.02
0.02
0.02
0.02
0.02
0.02
0.02
0.02
0.02
0.02
0.02
0.02
0.02
0.02
0.02
0.02
0.02
0.02
0.02
0.02
0.02
0.02
0.02
0.02
0.02
0.02
0.02
0.02
0.02
0.02
0.02
0.02
0.02
0.02
0.02
0.02
0.02
0.02
0.02
0.02
0.02
0.02
0.02
0.02
0.02
0.02
0.02
0.02
0.02
0.02
0.02
0.02
0.02
0.02
0.02
0.02
0.02
0.02
0.02
0.02
0.02
0.02
0.02
0.02
0.02
0.02
0.02
0.02
0.02
0.02
0.02
0.02
0.02
0.02
0.02
0.02
0.02
0.02
0.02
0.02
0.02
0.02
0.02
0.02
0.02
0.02
0.02
0.02
0.02
0.02
0.02
0.02
0.02
0.02
0.02
0.02
0.02
0.02
0.02
0.02
0.02
0.02
0.02
0.02
0.02
0.02
0.02
0.02
0.02
0.02
0.02
0.02
0.02
0.02
0.02
0.02
0.02
0.02
0.02
0.02
0.02
