0.02
0.02
0.02
0.02
0.02
0.02
0.02
0.02
0.02
0.02
0.02
0.02
0.02
0.02
0.02
0.02
0.02
0.02
0.02
0.02
0.02
0.02
0.02
0.02
0.02
0.02
0.02
0.02
0.02
0.02
0.02
0.02
0.02
0.02
0.02
0.02
0.02
0.02
0.02
0.02
0.02
0.02
0.02
0.02
0.02
0.02
0.02
0.02
0.02
0.02
0.02
0.02
0.02
0.02
0.02
0.02
0.02
0.02
0.02
0.02
0.02
0.02
0.02
0.02
0.02
0.02
0.02
0.02
0.02
0.02
0.02
0.02
0.02
0.02
0.02
0.02
0.02
0.02
0.02
0.02
0.02
0.02
0.02
0.02
0.02
0.02
0.02
0.02
0.02
0.02
0.02
0.02
0.02
0.02
0.02
0.02
0.02
0.02
0.02
0.02
0.02
0.02
0.02
0.02
0.02
0.02
0.02
0.02
0.02
0.02
0.02
0.02
0.02
0.02
0.02
0.02
0.02
0.02
0.02
0.02
0.02
0.02
0.02
0.02
0.02
0.02
0.02
0.02
0.02
0.02
0.02
0.02
0.02
0.02
0.02
0.02
0.02
0.02
0.02
0.02
0.02
0.02
0.02
0.02
0.02
0.02
0.02
3.13
28.96
19.75
0.02
0.02
0.02
0.02
0.02
0.02
0.02
0.02
0.02
0.02
0.02
0.02
0.02
0.02
0.02
0.02
0.02
0.02
0.02
0.02
0.02
0.02
0.02
0.02
0.02
0.02
0.02
0.02
0.02
0.02
0.02
0.02
0.02
0.02
0.02
0.02
0.02
0.02
0.02
0.02
0.02
0.02
0.02
0.02
0.02
0.02
0.02
0.02
0.02
0.02
0.02
0.02
0.02
0.02
0.02
0.02
0.02
0.02
0.02
0.02
0.02
0.02
0.02
0.02
0.02
0.02
0.02
0.02
0.02
0.02
0.02
0.02
0.02
0.02
0.02
0.02
0.02
0.02
0.02
0.02
0.02
0.02
0.02
0.02
0.02
0.02
0.02
0.02
0.02
0.02
0.02
0.02
0.02
0.02
0.02
0.02
0.02
0.02
0.02
0.02
0.02
0.02
0.02
0.02
0.02
0.02
0.02
0.02
0.02
0.02
0.02
0.02
0.02
0.02
0.02
0.02
0.02
0.02
0.02
0.02
0.02
0.02
0.02
0.02
0.02
0.02
0.02
0.02
0.02
0.02
0.02
0.02
0.02
0.02
0.02
0.02
0.02
0.02
0.02
0.02
0.02
0.02
0.02
0.02
0.02
0.02
0.02
0.02
0.02
0.02
0.02
0.02
0.02
0.02
0.02
0.02
0.02
0.02
0.02
0.02
0.02
0.02
0.02
0.02
0.02
0.02
0.02
0.02
0.02
0.02
0.02
0.02
0.02
0.02
0.02
0.02
0.02
0.02
0.02
0.02
0.02
0.02
0.02
0.02
0.02
0.02
0.02
0.02
0.02
0.02
0.02
0.02
0.02
0.02
0.02
0.02
0.02
0.02
0.02
0.02
0.02
0.02
0.02
0.02
0.02
0.02
0.02
0.02
0.02
0.02
0.02
0.02
0.02
0.02
0.02
0.02
0.02
0.02
0.02
0.02
0.02
0.02
0.02
0.02
0.02
0.02
0.02
0.02
0.02
0.02
0.02
0.02
0.02
0.02
0.02
0.02
0.02
0.02
0.02
0.02
0.02
0.02
0.02
0.02
0.02
0.02
0.02
0.02
0.02
0.02
0.02
0.02
0.02
0.02
0.02
0.02
0.02
0.02
0.02
0.02
0.02
0.02
0.02
0.02
0.02
0.02
0.02
0.02
0.02
0.02
0.02
0.02
0.02
0.02
0.02
0.02
0.02
0.02
0.02
0.02
0.02
0.02
0.02
0.02
0.02
0.02
0.02
0.02
0.02
0.02
0.02
0.02
0.02
0.02
0.02
0.02
0.02
0.02
0.02
0.02
0.02
0.02
0.02
0.02
0.02
0.02
0.02
0.02
0.02
0.02
0.02
0.02
0.02
0.02
0.02
0.02
0.02
0.02
0.02
0.02
0.02
0.02
0.02
0.02
0.02
0.02
0.02
0.02
0.02
0.02
0.02
0.02
0.02
0.02
0.02
0.02
0.02
0.02
0.02
0.02
0.02
0.02
0.02
0.02
0.02
0.02
0.02
0.02
0.02
0.02
0.02
0.02
0.02
0.02
0.02
0.02
0.02
0.02
0.02
0.02
0.02
0.02
0.02
0.02
0.02
0.02
0.02
0.02
0.02
0.02
0.02
0.02
0.02
0.02
0.02
0.02
0.02
0.02
0.02
0.02
0.02
0.02
0.02
0.02
0.02
0.02
0.02
0.02
0.02
0.02
0.02
0.02
0.02
0.02
0.02
0.02
0.02
0.02
0.02
0.02
0.02
0.02
0.02
0.02
0.02
0.02
0.02
0.02
0.02
0.02
0.02
0.02
0.02
0.02
0.02
0.02
0.02
0.02
0.02
0.02
0.02
0.02
0.02
0.02
0.02
0.02
0.02
0.02
0.02
0.02
0.02
0.02
0.02
0.02
0.02
0.02
0.02
0.02
0.02
0.02
0.02
0.02
0.02
0.02
0.02
0.02
0.02
0.02
0.02
0.02
0.02
0.02
0.02
0.02
0.02
0.02
0.02
0.02
0.02
0.02
0.02
0.02
0.02
0.02
0.02
0.02
0.02
0.02
0.02
0.02
0.02
0.02
0.02
0.02
0.02
0.02
0.02
0.02
0.02
0.02
0.02
0.02
0.02
0.02
0.02
0.02
0.02
0.02
0.02
0.02
0.02
0.02
0.02
0.02
0.02
0.02
0.02
0.02
0.02
0.02
0.02
0.02
0.02
0.02
0.02
0.02
0.02
0.02
0.02
0.02
0.02
0.02
0.02
0.02
0.02
0.02
0.02
0.02
0.02
0.02
0.02
0.02
0.02
0.02
0.02
0.02
0.02
0.02
0.02
0.02
0.02
0.02
0.02
0.02
0.02
0.02
0.02
0.02
0.02
0.02
0.02
0.02
0.02
0.02
0.02
0.02
0.02
0.02
0.02
0.02
0.02
0.02
0.02
0.02
0.02
0.02
0.02
0.02
0.02
0.02
0.02
0.02
0.02
0.02
0.02
0.02
0.02
0.02
0.02
0.02
0.02
0.02
0.02
0.02
0.02
0.02
0.02
0.02
0.02
0.02
0.02
0.02
0.02
0.02
0.02
0.02
0.02
0.02
0.02
0.02
0.02
0.02
0.02
0.02
0.02
0.02
0.02
0.02
0.02
0.02
0.02
0.02
0.02
0.02
0.02
0.02
0.02
0.02
0.02
0.02
0.02
0.02
0.02
0.02
0.02
0.02
0.02
0.02
0.02
0.02
0.02
0.02
0.02
0.03
0.02
0.03
0.03
0.03
0.03
0.03
0.03
0.03
0.03
0.03
0.04
0.04
0.03
0.04
0.04
0.04
0.04
0.04
0.04
0.04
0.05
0.05
0.05
0.05
0.05
0.05
0.06
0.06
0.06
0.06
0.07
0.07
0.07
0.08
0.07
0.07
0.07
0.07
0.08
0.08
0.08
0.08
0.09
0.09
0.10
0.10
0.10
0.10
0.10
0.10
0.11
0.10
0.10
0.10
0.11
0.12
0.12
0.13
0.13
0.14
0.14
0.15
0.15
0.16
0.15
0.17
0.16
0.17
0.19
0.19
0.20
0.20
0.21
0.22
0.23
0.25
0.25
0.26
0.26
0.27
0.27
0.28
0.29
0.29
0.29
0.29
0.30
0.30
0.30
0.30
0.30
0.29
0.29
0.29
0.29
0.29
0.29
0.29
0.28
0.29
0.30
0.31
0.31
0.33
0.32
0.33
0.32
0.31
0.29
0.28
0.26
0.26
0.27
0.27
0.27
0.28
0.28
0.29
0.28
0.26
0.26
0.26
0.28
0.28
0.26
0.26
0.25
0.26
0.28
0.28
0.28
0.28
0.27
0.30
0.28
0.31
0.28
0.27
0.26
0.27
0.25
0.25
0.27
0.28
0.30
0.29
0.27
0.29
0.32
0.33
0.34
0.34
0.34
0.32
0.30
0.28
0.27
0.26
0.26
0.25
0.26
0.27
0.27
0.27
0.26
0.25
0.24
0.23
0.23
0.23
0.24
0.25
0.26
0.26
0.27
0.27
0.27
0.27
0.27
0.27
0.27
0.27
0.28
0.30
0.31
0.32
0.33
0.35
0.35
0.37
0.37
0.39
0.43
0.46
0.49
0.52
0.55
0.55
0.56
0.56
0.56
0.57
0.59
0.60
0.60
0.61
0.59
0.55
0.49
0.52
0.53
0.54
0.56
0.59
0.62
0.65
0.66
0.66
0.66
0.66
0.66
0.65
0.63
0.62
0.62
0.62
0.63
0.64
0.63
0.63
0.64
0.67
0.69
0.73
0.75
0.79
0.80
0.79
0.76
0.79
0.82
0.84
0.85
0.88
0.91
0.91
0.92
0.93
0.93
0.93
0.91
0.88
0.88
0.87
0.86
0.86
0.86
0.89
0.91
0.92
0.95
1.04
1.06
1.07
1.06
1.06
1.04
1.05
1.00
0.94
0.93
0.94
0.96
0.96
0.96
0.99
0.99
0.99
1.01
1.04
1.03
1.04
1.04
0.98
0.94
0.98
1.04
1.09
1.13
1.15
1.14
1.11
1.11
1.09
1.05
0.99
0.92
0.90
0.89
0.87
0.85
0.84
0.83
0.81
0.80
0.80
0.79
0.78
0.79
0.79
0.79
0.78
0.77
0.76
0.78
0.79
0.78
0.78
0.77
0.77
0.76
0.75
0.73
0.70
0.68
0.68
0.68
0.69
0.73
0.77
0.80
0.82
0.85
0.89
0.91
0.90
0.89
0.87
0.87
0.86
0.85
0.79
0.77
0.81
0.82
0.81
0.81
0.81
0.81
0.80
0.79
0.76
0.73
0.72
0.70
0.68
0.67
0.67
0.67
0.68
0.68
0.68
0.69
0.71
0.73
0.75
0.77
0.78
0.80
0.81
0.81
0.82
0.83
0.83
0.84
0.84
0.86
0.87
0.87
0.88
0.88
0.88
0.86
0.85
0.84
0.84
0.84
0.84
0.83
0.82
0.82
0.83
0.85
0.89
0.91
0.93
0.96
0.98
1.00
1.02
1.05
1.08
1.11
1.13
1.12
1.11
1.10
1.09
1.09
1.11
1.13
1.17
1.20
1.25
1.33
1.40
1.45
1.49
1.52
1.54
1.56
1.58
1.59
1.57
1.45
1.55
1.53
1.60
1.68
1.69
1.68
1.64
1.51
1.50
1.47
1.40
1.28
1.24
1.22
1.17
1.27
1.33
1.30
1.35
1.33
1.34
1.27
1.20
1.11
1.12
1.25
1.28
1.29
1.31
1.34
1.35
1.22
1.06
0.97
1.06
1.13
1.20
1.32
1.39
1.44
1.47
1.48
1.48
1.47
1.43
1.39
1.31
1.23
1.18
1.21
1.26
1.36
1.48
1.54
1.61
1.61
1.60
1.59
1.58
1.56
1.55
1.56
1.56
1.52
1.46
1.35
1.37
1.41
1.42
1.41
1.49
1.49
1.48
1.49
1.49
1.50
1.51
1.51
1.50
1.49
1.51
1.55
1.56
1.58
1.59
1.58
1.56
1.54
1.50
1.49
1.48
1.46
1.47
1.54
1.48
1.58
1.63
1.59
1.56
1.56
1.57
1.50
1.60
1.58
1.57
1.55
1.53
1.51
1.64
1.75
1.92
1.93
1.91
1.96
2.03
2.13
2.21
2.32
2.36
2.42
2.59
2.75
2.78
2.82
2.85
2.77
2.62
2.44
2.24
2.12
2.10
2.05
1.90
1.83
1.95
2.07
2.15
2.41
2.59
2.80
2.85
2.79
2.78
2.87
3.04
3.04
3.14
3.36
3.72
4.30
5.07
5.02
4.70
4.45
3.95
3.76
3.60
3.23
3.26
3.44
3.64
3.71
4.23
4.33
3.66
3.52
3.52
3.63
3.67
4.21
4.74
6.38
8.59
7.44
6.79
6.15
6.71
5.79
5.47
5.26
5.78
5.71
5.21
4.45
4.00
3.33
3.42
3.56
3.56
3.50
3.25
3.22
4.22
6.46
5.26
4.16
4.22
4.88
4.31
3.44
3.03
3.07
3.25
3.17
3.10
2.89
2.72
2.69
2.75
3.22
3.36
3.23
3.59
4.85
5.26
4.73
4.82
5.67
4.93
4.86
5.39
6.10
5.96
5.82
6.23
6.52
6.85
7.46
7.97
8.79
8.99
7.98
7.69
8.02
10.07
9.92
10.04
9.94
9.95
9.92
11.23
9.82
11.41
14.27
14.69
25.16
21.93
27.27
25.57
19.53
20.08
25.27
21.93
25.12
26.43
23.88
22.06
20.51
21.52
21.85
19.14
17.95
19.71
23.01
24.73
25.89
25.84
20.88
18.50
19.38
18.01
18.74
18.67
18.12
18.38
17.71
16.54
20.62
19.22
17.11
11.29
8.58
6.34
4.37
4.52
4.85
5.33
5.55
5.26
5.42
5.54
6.41
6.26
6.77
7.97
8.63
8.66
8.35
7.68
5.98
5.04
4.19
4.37
4.82
5.55
5.66
5.24
5.45
5.06
5.41
5.48
6.25
7.18
6.85
5.92
5.86
5.58
5.61
6.36
7.10
7.21
7.64
6.81
5.64
5.48
5.69
5.89
6.04
6.08
6.04
5.95
5.66
5.67
5.65
5.96
6.53
6.71
7.13
6.90
6.64
6.61
6.70
6.97
6.89
6.68
6.70
6.41
5.83
5.59
5.29
5.29
5.35
5.24
5.16
5.23
5.36
5.24
5.56
6.15
6.06
6.03
6.27
6.71
6.44
6.34
6.58
6.71
6.70
5.75
5.76
5.87
6.24
6.20
5.82
5.83
5.56
5.65
5.74
5.64
5.96
5.62
5.43
5.20
5.05
5.32
5.84
6.24
6.13
4.98
4.76
4.84
5.26
4.80
4.50
4.74
5.05
5.22
5.00
4.57
4.61
4.55
4.56
4.80
4.45
4.13
3.89
3.92
4.37
4.30
4.08
4.16
4.54
4.30
4.22
4.16
4.07
4.00
4.42
4.10
3.55
4.04
4.50
4.81
4.68
5.28
5.54
6.25
6.25
5.33
5.30
5.34
5.22
4.67
4.29
4.56
4.40
4.23
4.20
3.83
3.86
3.54
3.25
3.27
3.12
2.98
2.90
2.75
2.68
2.57
2.52
2.41
2.27
2.07
2.41
2.50
2.40
2.31
2.23
2.25
2.13
1.96
1.82
1.74
1.58
1.46
1.32
1.31
1.46
1.53
1.45
1.42
1.50
1.59
1.67
1.83
1.96
2.07
2.15
2.18
2.28
2.14
2.12
2.04
1.90
1.89
1.86
1.68
1.67
1.68
1.71
1.82
1.89
1.92
1.88
1.83
1.83
1.78
1.76
1.76
1.82
1.89
1.91
1.83
1.90
1.95
2.00
2.04
2.00
1.98
1.88
1.93
1.95
1.98
2.00
2.01
2.09
2.19
2.37
2.29
2.42
2.74
2.20
2.11
2.09
2.12
2.14
2.27
2.22
2.27
2.30
2.24
2.12
2.13
2.07
2.17
2.32
2.62
2.82
27.58
33.76
36.12
38.79
40.81
42.26
43.13
39.69
3.94
3.59
3.47
3.57
3.43
3.36
3.22
2.91
2.74
2.63
2.51
2.39
2.24
2.15
2.05
1.94
1.86
1.80
1.76
1.74
1.72
1.71
1.70
1.70
1.69
1.69
1.70
1.70
1.69
1.68
1.65
1.63
1.61
1.59
1.57
1.57
1.55
1.54
1.54
1.54
1.54
1.53
1.52
1.51
1.50
1.49
1.49
1.48
1.47
1.46
1.44
1.41
1.40
1.38
1.36
1.35
1.35
1.34
1.33
1.32
1.30
1.28
1.26
1.25
1.23
1.22
1.20
1.20
1.20
1.19
1.18
1.18
1.17
1.17
1.16
1.14
1.12
1.11
1.11
1.11
1.11
1.10
1.09
1.09
1.08
1.07
1.07
1.07
1.08
1.07
1.07
1.06
1.06
1.04
1.02
1.02
1.03
1.02
1.01
1.00
0.99
0.99
0.98
0.97
0.95
0.93
0.90
0.88
0.86
0.85
0.84
0.83
0.82
0.81
0.81
0.80
0.79
0.78
0.77
0.76
0.75
0.74
0.73
0.74
0.73
0.73
0.73
0.72
0.71
0.70
0.70
0.69
0.68
0.68
0.68
0.67
0.67
0.66
0.66
0.65
0.66
0.65
0.64
0.63
0.62
0.61
0.60
0.61
0.61
0.60
0.60
0.59
0.59
0.58
0.58
0.58
0.57
0.57
0.56
0.55
0.54
0.53
0.52
0.53
0.52
0.52
0.51
0.51
0.51
0.50
0.50
0.49
0.49
0.48
0.48
0.47
0.46
0.45
0.44
0.43
0.42
0.41
0.40
0.39
0.39
0.38
0.38
0.37
0.37
0.36
0.36
0.35
0.35
0.34
0.33
0.33
0.32
0.31
0.30
0.30
0.29
0.28
0.27
0.27
0.26
0.25
0.25
0.25
0.24
0.24
0.23
0.23
0.22
0.22
0.22
0.22
0.23
0.24
0.28
0.34
0.38
0.37
0.31
0.25
0.21
0.19
0.17
0.16
0.15
0.14
0.13
0.13
0.12
0.12
0.11
0.11
0.11
0.10
0.10
0.09
0.09
0.08
0.08
0.08
0.08
0.07
0.07
0.07
0.07
0.07
0.07
0.06
0.07
0.07
0.07
0.07
0.07
0.07
0.07
0.07
0.07
0.07
0.06
0.06
0.06
0.05
0.05
0.04
0.04
0.04
0.04
0.04
0.03
0.04
0.03
0.03
0.03
0.03
0.03
0.03
0.03
0.03
0.03
0.03
0.03
0.03
0.03
0.02
0.03
0.03
0.02
0.02
0.03
0.02
0.02
0.02
0.02
0.02
0.02
0.02
0.02
0.02
0.02
0.02
0.02
0.02
0.02
0.02
0.02
0.02
0.02
0.02
0.02
0.02
0.02
0.02
0.02
0.02
0.02
0.02
0.02
0.02
0.02
0.02
0.02
0.02
0.02
0.02
0.02
0.02
0.02
0.02
0.02
0.02
0.02
0.02
0.02
0.02
0.02
0.02
0.02
0.02
0.02
0.02
0.02
0.02
0.02
0.02
0.02
0.02
0.02
0.02
0.02
0.02
0.02
0.02
0.02
0.02
0.02
0.02
0.02
0.02
0.02
0.02
0.02
0.02
0.02
0.02
0.02
0.02
0.02
0.02
0.02
0.02
0.02
0.02
0.02
0.02
0.02
0.02
0.02
0.02
0.02
0.02
0.02
0.02
0.02
0.02
0.02
0.02
0.02
0.02
0.02
0.02
0.02
0.02
0.02
0.02
0.02
0.02
0.02
0.02
0.02
0.02
0.02
0.02
0.02
0.02
0.02
0.02
0.02
0.02
0.02
0.02
0.02
0.02
0.02
0.02
0.02
0.02
0.02
0.02
0.02
0.02
0.02
0.02
0.02
0.02
0.02
0.02
0.02
0.02
0.02
0.02
0.02
0.02
0.02
0.02
0.02
0.02
0.02
0.02
0.02
0.02
0.02
0.02
0.02
0.02
0.02
0.02
0.02
0.02
0.02
0.02
0.02
0.02
0.02
0.02
0.02
0.02
0.02
0.02
0.02
0.02
0.02
0.02
0.02
0.02
0.02
0.02
0.02
0.02
0.02
0.02
0.02
0.02
0.02
0.02
0.02
0.02
0.02
0.02
0.02
0.02
0.02
0.02
0.02
0.02
0.02
0.02
0.02
0.02
0.02
0.02
0.02
0.02
0.02
0.02
0.02
0.02
0.02
0.02
0.02
0.02
0.02
0.02
0.02
0.02
0.02
0.02
0.02
0.02
0.02
0.02
0.02
0.02
0.02
0.02
0.02
0.02
0.02
0.02
0.02
0.02
0.02
0.02
0.02
0.02
0.02
0.02
0.02
0.02
0.02
0.02
0.02
0.02
0.02
0.02
0.02
0.02
0.02
0.02
0.02
0.02
0.02
0.02
0.02
0.02
0.02
0.02
0.02
0.02
0.02
0.02
0.02
0.02
0.02
0.02
0.02
0.02
0.02
0.02
0.02
0.02
0.02
0.02
0.02
0.02
0.02
0.02
0.02
0.02
0.02
0.02
0.02
0.02
0.02
0.02
0.02
0.02
0.02
0.02
0.02
0.02
0.02
0.02
0.02
0.02
0.02
0.02
0.02
0.02
0.02
0.02
0.02
0.02
0.02
0.02
0.02
0.02
0.02
0.02
0.02
0.02
0.02
0.02
0.02
0.02
0.02
0.02
0.02
0.02
0.02
0.02
0.02
0.02
0.02
0.02
0.02
0.02
0.02
0.02
0.02
0.02
0.02
0.02
0.02
0.02
0.02
0.02
0.02
0.02
0.02
0.02
0.02
0.02
0.02
0.02
0.02
0.02
0.02
0.02
0.02
0.02
0.02
0.02
0.02
0.02
0.02
0.02
0.02
0.02
0.02
0.02
0.02
0.02
0.02
0.02
0.02
0.02
0.02
0.02
0.02
0.02
0.02
0.02
0.02
0.02
0.02
0.02
0.02
0.02
0.02
0.02
0.02
0.02
0.02
0.02
0.02
0.02
0.02
0.02
0.02
0.02
0.02
0.02
0.02
0.02
0.02
0.02
0.02
0.02
0.02
0.02
0.02
0.02
0.02
0.02
0.02
0.02
0.02
0.02
0.02
0.02
0.02
0.02
0.02
0.02
0.02
0.02
0.02
0.02
0.02
0.02
0.02
0.02
0.02
0.02
0.02
0.02
0.02
0.02
0.02
0.02
0.02
0.02
0.02
0.02
0.02
0.02
0.02
0.02
0.02
0.02
0.02
0.02
0.02
0.02
0.02
0.02
0.02
0.02
0.02
0.02
0.02
0.02
0.02
0.02
0.02
0.02
0.02
0.02
0.02
0.02
0.02
0.02
0.02
0.02
0.02
0.02
0.02
0.02
0.02
0.02
0.02
0.02
0.02
0.02
0.02
0.02
0.02
0.02
0.02
0.02
0.02
0.02
0.02
0.02
0.02
0.02
0.02
0.02
0.02
0.02
0.02
0.02
0.02
0.02
0.02
0.02
0.02
0.02
0.02
0.02
0.02
0.02
0.02
0.02
0.02
0.02
0.02
0.02
0.02
0.02
0.02
0.02
0.02
0.02
0.02
0.02
0.02
0.02
0.02
0.02
0.02
0.02
0.02
0.02
0.02
0.02
0.02
0.02
0.02
0.02
0.02
0.02
0.02
0.02
0.02
0.02
0.02
0.02
0.02
0.02
0.02
0.02
0.02
0.02
0.02
0.02
0.02
0.02
0.02
0.02
0.02
0.02
0.02
0.02
0.02
0.02
0.02
0.02
0.02
0.02
0.02
0.02
0.02
0.02
0.02
0.02
0.02
0.02
0.02
0.02
0.02
0.02
0.02
0.02
0.02
0.02
0.02
0.02
0.02
0.02
0.02
0.02
0.02
0.02
0.02
0.02
0.02
0.02
0.02
0.02
0.02
0.02
0.02
0.02
0.02
0.02
0.02
0.02
0.02
0.02
0.02
0.02
0.02
0.02
0.02
0.02
0.02
0.02
0.02
0.02
0.02
0.02
0.02
0.02
0.02
0.02
0.02
0.02
0.02
0.02
0.02
0.02
0.02
0.02
0.02
0.02
0.02
0.02
0.02
0.02
0.02
0.02
0.02
0.02
0.02
0.02
0.02
0.02
0.02
0.02
0.02
0.02
0.02
0.02
0.02
0.02
0.02
0.02
0.02
0.02
0.02
0.02
0.02
0.02
0.02
0.02
0.02
0.02
0.02
0.02
0.02
0.02
0.02
0.02
0.02
0.02
0.02
0.02
0.02
0.02
0.02
0.02
0.02
0.02
0.02
0.02
0.02
0.02
0.02
0.02
0.02
0.02
0.02
0.02
0.02
0.02
0.02
0.02
0.02
0.02
0.02
0.02
0.02
0.02
0.02
0.02
0.02
0.02
0.02
0.02
0.02
0.02
0.02
0.02
0.02
0.02
0.02
0.02
0.02
0.02
0.02
0.02
0.02
0.02
0.02
0.02
0.02
0.02
0.02
0.02
0.02
0.02
0.02
0.02
0.02
0.02
0.02
0.02
0.02
0.02
0.02
0.02
0.02
0.02
0.02
0.02
0.02
0.02
0.02
0.02
0.02
0.02
0.02
0.02
0.02
0.02
0.02
0.02
0.02
0.02
0.02
0.02
0.02
0.02
0.02
0.02
0.02
0.02
0.02
0.02
0.02
0.02
0.02
0.02
0.02
0.02
0.02
0.02
0.02
0.02
0.02
0.02
0.02
0.02
0.02
0.02
0.02
0.02
0.02
0.02
0.02
0.02
0.02
0.02
0.02
0.02
0.02
0.02
0.02
0.02
0.02
0.02
0.02
0.02
0.02
0.02
0.02
0.02
0.02
0.02
0.02
0.02
0.02
0.02
0.02
0.02
0.02
0.02
0.02
0.02
0.02
0.02
0.02
0.02
0.02
0.02
0.02
0.02
0.02
0.02
0.02
0.02
0.02
0.02
0.02
0.02
0.02
0.02
0.02
0.02
0.02
0.02
0.02
0.02
0.02
0.02
0.02
0.02
0.02
0.02
