0.01
0.01
0.01
0.01
0.01
0.01
0.01
0.01
0.01
0.01
0.01
0.01
0.01
0.01
0.01
0.01
0.01
0.01
0.01
0.01
0.01
0.01
0.01
0.01
0.01
0.01
0.01
0.01
0.01
0.01
0.01
0.01
0.01
0.01
0.01
0.01
0.01
0.01
0.01
0.01
0.01
0.01
0.01
0.01
0.01
0.01
0.01
0.01
0.01
0.01
0.01
0.01
0.01
0.01
0.01
0.01
0.01
0.01
0.01
0.01
0.01
0.01
0.01
0.01
0.01
0.01
0.01
0.01
0.01
0.01
0.01
0.01
0.01
0.01
0.01
0.01
0.01
0.01
0.01
0.01
0.01
0.01
0.01
0.01
0.01
0.01
0.01
0.01
0.01
0.01
0.01
0.01
0.01
0.01
0.01
0.01
0.01
0.01
0.01
0.01
0.01
0.01
0.01
0.01
0.01
0.01
0.01
0.01
0.01
0.01
0.01
0.01
0.01
0.01
0.01
0.01
0.01
0.01
0.01
0.01
0.01
0.01
0.01
0.01
0.01
0.01
0.01
0.01
0.01
0.01
0.01
0.01
0.01
0.01
0.01
0.01
0.01
0.01
0.01
0.01
0.01
0.01
0.01
0.01
0.01
0.01
0.01
0.01
0.01
0.01
0.01
0.01
0.01
0.01
0.01
0.01
0.01
0.01
0.01
0.01
0.01
0.01
0.01
0.01
0.01
0.01
0.01
0.01
0.01
0.01
0.01
0.01
0.01
0.01
0.01
0.01
0.01
0.01
0.01
0.01
0.01
0.01
0.01
0.01
0.01
0.01
0.01
0.01
0.01
0.01
0.01
0.01
0.01
0.01
0.01
0.01
0.01
0.01
0.01
0.01
0.01
0.01
0.01
0.01
0.01
0.01
0.01
0.01
0.01
0.01
0.01
0.01
0.01
0.01
0.01
0.01
0.01
0.01
0.01
0.01
0.01
0.01
0.01
0.01
0.01
0.01
0.01
0.01
0.01
0.01
0.01
0.01
0.01
0.01
0.01
0.01
0.01
0.01
0.01
0.01
0.01
0.01
0.01
0.01
0.01
0.01
0.01
0.01
0.01
0.01
0.01
0.01
0.01
0.01
0.01
0.01
0.01
0.01
0.01
0.01
0.01
0.01
0.01
0.01
0.01
0.01
0.01
0.01
0.01
0.01
0.01
0.01
0.01
0.01
0.01
0.01
0.01
0.01
0.01
0.01
0.01
0.01
0.01
0.01
0.01
0.01
0.01
0.01
0.01
0.01
0.01
0.01
0.01
0.01
0.01
0.01
0.01
0.01
0.01
0.01
0.01
0.01
0.01
0.01
0.01
0.01
0.01
0.01
0.01
0.01
0.01
0.01
0.01
0.01
0.01
0.01
0.01
0.01
0.01
0.01
0.01
0.01
0.01
0.01
0.01
0.01
0.01
0.01
0.01
0.01
0.01
0.01
0.01
0.01
0.01
0.01
0.01
0.01
0.01
0.01
0.01
0.01
0.01
0.01
0.01
0.01
0.01
0.01
0.01
0.01
0.01
0.01
0.01
0.01
0.01
0.01
0.01
0.01
0.01
0.01
0.01
0.01
0.01
0.01
0.01
0.01
0.01
0.01
0.01
0.01
0.01
0.01
0.01
0.01
0.01
0.01
0.01
0.01
0.01
0.01
0.01
0.01
0.01
0.01
0.01
0.01
0.01
0.01
0.01
0.01
0.01
0.01
0.01
0.01
0.01
0.01
0.01
0.01
0.01
0.01
0.01
0.01
0.01
0.01
0.01
0.01
0.01
0.01
0.01
0.01
0.01
0.01
0.01
0.01
0.01
0.01
0.01
0.01
0.01
0.01
0.01
0.01
0.01
0.01
0.01
0.01
0.01
0.01
0.01
0.01
0.01
0.01
0.01
0.01
0.01
0.01
0.01
0.01
0.01
0.01
0.01
0.01
0.01
0.01
0.01
0.01
0.01
0.01
0.01
0.01
0.01
0.01
0.01
0.01
0.01
0.01
0.01
0.01
0.01
0.01
0.01
0.01
0.01
0.01
0.01
0.01
0.01
0.01
0.01
0.01
0.01
0.01
0.01
0.01
0.01
0.01
0.01
0.01
0.01
0.01
0.01
0.01
0.01
0.01
0.01
0.01
0.01
0.01
0.01
0.01
0.01
0.01
0.01
0.01
0.01
0.01
0.01
0.01
0.01
0.01
0.01
0.01
0.01
0.01
0.01
0.01
0.01
0.01
0.01
0.01
0.01
0.01
0.01
0.01
0.01
0.01
0.01
0.01
0.01
0.01
0.01
0.01
0.01
0.01
0.01
0.01
0.01
0.01
0.01
0.01
0.01
0.01
0.01
0.01
0.01
0.01
0.01
0.01
0.01
0.01
0.01
0.01
0.01
0.01
0.01
0.01
0.01
0.01
0.01
0.01
0.01
0.01
0.01
0.01
0.01
0.01
0.01
0.01
0.01
0.01
0.01
0.01
0.01
0.01
0.01
0.01
0.01
0.01
0.01
0.01
0.01
0.01
0.01
0.01
0.01
0.01
0.01
0.01
0.01
0.01
0.01
0.01
0.01
0.01
0.01
0.01
0.01
0.01
0.01
0.01
0.01
0.01
0.01
0.01
0.01
0.01
0.01
0.01
0.01
0.01
0.01
0.01
0.01
0.01
0.01
0.01
0.01
0.01
0.01
0.01
0.01
0.01
0.01
0.01
0.01
0.01
0.01
0.01
0.01
0.01
0.01
0.01
0.01
0.01
0.01
0.01
0.01
0.01
0.01
0.01
0.01
0.01
0.01
0.01
0.01
0.01
0.01
0.01
0.01
0.01
0.01
0.01
0.01
0.01
0.01
0.01
0.01
0.01
0.01
0.01
0.01
0.01
0.01
0.01
0.01
0.01
0.01
0.01
0.01
0.01
0.01
0.01
0.01
0.01
0.01
0.01
0.01
0.01
0.01
0.01
0.01
0.01
0.01
0.01
0.01
0.01
0.01
0.01
0.01
0.01
0.01
0.01
0.01
0.01
0.01
0.01
0.01
0.01
0.01
0.01
0.01
0.01
0.01
0.01
0.01
0.01
0.01
0.01
0.01
0.01
0.01
0.01
0.01
0.01
0.01
0.01
0.01
0.01
0.01
0.01
0.01
0.01
0.01
0.01
0.01
0.01
0.01
0.01
0.01
0.01
0.01
0.01
0.01
0.01
0.01
0.01
0.01
0.01
0.01
0.01
0.01
0.01
0.01
0.01
0.01
0.01
0.01
0.01
0.01
0.01
0.01
0.01
0.01
0.01
0.01
0.01
0.01
0.01
0.01
0.01
0.01
0.01
0.01
0.01
0.01
0.01
0.01
0.01
0.01
0.01
0.01
0.01
0.01
0.01
0.01
0.01
0.01
0.01
0.01
0.01
0.01
0.01
0.01
0.01
0.01
0.01
0.01
0.01
0.01
0.01
0.01
0.01
0.01
0.01
0.01
0.01
0.01
0.01
0.01
0.01
0.01
0.01
0.01
0.01
0.01
0.01
0.01
0.01
0.01
0.01
0.01
0.01
0.01
0.01
0.01
0.01
0.01
0.01
0.01
0.01
0.01
0.01
0.01
0.01
0.01
0.01
0.01
0.01
0.01
0.01
0.01
0.01
0.01
0.01
0.01
0.01
0.01
0.01
0.01
0.01
0.01
0.01
0.01
0.01
0.01
0.01
0.01
0.01
0.01
0.01
0.02
0.02
0.02
0.02
0.02
0.02
0.02
0.02
0.03
0.03
0.03
0.04
0.04
0.04
0.05
0.05
0.06
0.06
0.07
0.07
0.08
0.08
0.09
0.08
0.09
0.09
0.09
0.09
0.09
0.10
0.10
0.10
0.11
0.12
0.12
0.13
0.13
0.13
0.13
0.13
0.14
0.14
0.15
0.15
0.16
0.17
0.18
0.19
0.20
0.21
0.22
0.23
0.23
0.24
0.24
0.25
0.25
0.25
0.25
0.25
0.26
0.27
0.27
0.27
0.28
0.28
0.29
0.31
0.32
0.34
0.36
0.38
0.39
0.40
0.42
0.43
0.44
0.46
0.47
0.49
0.51
0.52
0.54
0.55
0.56
0.57
0.58
0.58
0.59
0.59
0.60
0.61
0.61
0.63
0.65
0.67
0.70
0.73
0.75
0.77
0.79
0.81
0.83
0.87
0.91
0.98
1.05
1.10
1.15
1.18
1.22
1.24
1.24
1.23
1.21
1.19
1.17
1.14
1.12
1.11
1.09
1.08
1.07
1.07
1.07
1.07
1.08
1.08
1.09
1.10
1.12
1.13
1.15
1.16
1.18
1.20
1.22
1.25
1.28
1.31
1.33
1.36
1.38
1.41
1.44
1.47
1.50
1.53
1.56
1.59
1.67
1.74
1.79
1.86
1.92
1.95
1.99
2.03
2.06
2.09
2.12
2.14
2.17
2.19
2.22
2.25
2.29
2.32
2.37
2.42
2.47
2.52
2.59
2.64
2.70
2.75
2.80
2.83
2.85
2.87
2.87
2.85
2.83
2.83
2.82
2.80
2.78
2.78
2.77
2.76
2.75
2.73
2.71
2.69
2.68
2.66
2.64
2.61
2.57
2.53
2.47
2.39
2.35
2.34
2.38
2.40
2.40
2.35
2.34
2.38
2.38
2.35
2.36
2.35
2.34
2.31
2.30
2.29
2.31
2.31
2.33
2.34
2.35
2.35
2.36
2.37
2.36
2.40
2.41
2.47
2.49
2.48
2.53
2.55
2.57
2.58
2.60
2.64
2.68
2.74
2.79
2.82
2.86
2.90
2.91
2.96
2.97
3.01
3.04
3.07
3.09
13.66
19.24
20.35
21.55
22.62
23.48
24.09
24.52
24.82
25.11
25.31
25.41
25.46
25.48
25.56
25.57
25.59
25.63
25.64
25.62
25.63
25.69
25.74
25.78
25.85
25.96
26.01
26.11
26.15
26.16
26.15
26.15
26.13
26.03
26.10
26.10
26.09
26.08
26.10
26.14
26.24
26.33
26.43
26.56
26.61
26.66
26.79
26.89
26.96
27.03
27.12
27.23
27.28
27.40
27.44
27.50
27.50
27.39
27.31
27.20
27.07
26.96
26.83
26.69
26.57
26.47
26.27
26.15
26.15
25.98
25.84
25.82
25.80
25.78
25.90
25.93
25.94
25.98
25.94
25.91
25.90
25.90
25.80
25.80
25.84
25.78
25.75
25.78
25.79
25.76
25.79
25.82
25.80
25.87
25.86
25.88
25.92
25.91
25.91
25.91
25.94
25.98
25.97
26.02
26.04
26.01
26.04
26.07
26.06
26.07
26.09
26.13
26.19
26.25
26.28
26.30
26.38
26.33
26.42
26.48
26.50
26.54
26.58
26.59
26.68
26.71
26.66
26.67
26.78
26.86
26.94
27.03
26.98
27.04
27.13
27.15
27.21
27.25
27.25
27.30
27.33
27.35
27.28
27.36
27.50
27.51
27.51
27.51
27.65
27.82
27.83
27.89
27.87
28.00
28.08
28.14
28.25
28.26
28.25
28.20
28.18
28.17
28.18
28.20
28.28
28.29
28.35
28.43
28.42
28.52
28.62
28.68
28.72
28.75
28.81
28.84
28.89
28.94
29.03
28.98
29.00
29.11
29.07
29.12
29.23
29.41
29.52
29.52
29.45
29.52
29.69
29.69
29.76
29.79
29.83
30.02
30.16
30.35
30.41
30.49
30.56
30.67
30.57
30.51
30.58
30.49
30.36
30.34
30.23
30.20
30.20
30.26
30.41
30.41
30.45
30.28
30.31
30.23
30.07
29.98
30.17
30.28
30.40
30.58
30.61
30.61
30.55
30.59
30.56
30.58
30.68
30.72
30.81
30.84
30.94
31.09
31.11
31.23
31.31
31.28
31.49
31.60
31.56
31.63
31.77
31.90
31.96
32.12
32.22
32.30
32.40
32.47
32.52
32.58
32.71
32.75
32.83
32.92
32.92
32.97
33.05
33.16
33.20
33.32
33.41
33.48
33.50
33.52
33.58
33.67
33.66
33.69
33.75
33.80
33.80
33.92
33.96
34.01
34.11
34.19
34.28
34.37
34.46
34.50
34.57
34.67
34.73
34.82
34.90
34.99
35.08
35.16
35.21
35.25
35.37
35.46
35.57
35.68
35.74
35.83
35.96
36.06
36.15
36.23
36.30
36.40
36.50
36.57
36.69
36.80
36.88
36.98
37.14
37.20
37.35
37.52
37.63
37.73
37.88
38.00
38.09
38.22
38.36
38.50
38.63
38.81
39.02
39.23
39.57
40.05
40.52
41.32
42.19
42.93
43.49
44.08
44.66
45.15
45.74
46.24
46.76
47.39
47.80
48.30
48.71
48.98
49.09
49.19
49.13
49.02
49.30
49.77
50.34
50.85
51.24
51.76
52.02
52.26
52.45
52.76
53.39
54.38
55.21
55.76
56.25
56.72
57.13
57.58
57.95
58.08
58.06
57.58
57.27
57.49
57.92
58.40
59.07
59.70
60.27
60.69
60.94
61.47
61.84
61.84
61.72
61.72
62.38
63.36
64.38
64.97
65.44
65.83
66.80
67.48
67.73
68.23
68.82
69.50
69.91
70.29
70.61
71.05
71.51
72.35
73.36
73.89
74.32
74.49
74.25
74.08
73.83
73.39
73.68
74.58
75.38
75.79
77.32
78.45
79.43
80.63
81.28
81.40
81.61
81.70
81.42
81.19
82.40
84.41
85.43
84.99
86.41
88.26
89.38
89.68
88.79
87.63
87.79
87.48
87.40
87.89
89.18
90.42
90.92
91.66
91.88
92.91
93.67
93.59
94.24
95.69
97.53
99.14
100.08
99.88
99.60
101.20
103.33
105.10
103.77
102.46
102.64
103.75
104.46
106.09
108.24
110.13
106.74
107.70
107.28
107.28
109.54
109.86
110.73
113.56
115.62
118.25
119.68
119.74
119.12
118.08
117.84
117.77
118.35
118.31
117.78
117.71
118.68
120.90
121.07
120.14
120.80
122.84
124.52
126.04
127.14
127.32
127.76
126.47
124.83
124.25
124.02
124.66
125.98
127.33
128.14
128.67
128.14
126.75
127.71
129.75
130.88
130.64
130.65
131.97
133.70
134.47
135.19
135.22
134.83
134.16
134.10
134.76
135.11
134.80
132.17
132.29
132.71
134.14
136.92
138.58
140.13
139.22
136.30
133.80
132.05
131.22
130.74
131.04
131.49
132.07
130.71
129.39
129.17
134.53
135.90
134.40
131.65
136.23
140.10
144.05
145.69
145.19
144.67
143.14
143.53
145.45
145.57
145.29
144.81
144.45
144.53
145.66
148.19
152.51
155.21
153.40
151.13
148.39
147.16
147.59
149.82
153.30
155.34
154.78
153.28
154.86
158.34
160.78
161.73
156.63
152.87
151.94
154.43
159.11
162.64
164.26
164.95
165.22
164.73
163.92
161.39
159.81
158.69
160.28
164.66
165.11
162.15
159.77
160.80
163.14
163.54
162.97
158.03
154.73
151.64
149.38
152.66
158.07
162.42
164.33
163.74
161.52
157.77
156.25
157.75
158.90
157.90
157.31
158.89
159.23
156.22
153.15
148.53
144.80
142.13
140.13
137.56
135.19
131.77
126.96
116.62
100.57
84.87
73.21
69.18
67.22
65.89
64.91
64.27
63.84
63.41
63.01
62.62
62.25
61.96
61.65
61.44
61.16
60.89
60.63
60.33
60.05
59.89
59.87
59.63
59.49
59.35
59.08
59.01
58.80
58.64
58.58
58.41
58.27
58.05
58.00
57.86
57.75
57.62
57.54
57.40
57.22
57.11
57.03
56.94
56.90
56.79
56.69
56.58
56.46
56.36
56.28
56.19
56.16
56.06
55.94
55.86
55.70
55.60
55.54
55.47
55.34
55.23
55.18
55.04
54.93
54.91
54.86
54.73
54.65
54.58
54.51
54.38
54.29
54.19
54.11
54.06
54.01
53.95
53.89
53.82
53.75
53.70
53.67
53.67
53.59
53.56
53.54
53.49
53.37
53.35
53.31
53.26
53.22
53.15
53.06
52.90
52.86
52.81
52.71
52.64
52.60
52.69
52.64
52.57
52.57
52.57
52.46
52.42
52.33
52.25
52.14
52.08
52.04
52.04
52.02
51.97
51.90
51.85
51.85
51.77
51.70
51.75
51.71
51.61
51.61
51.53
51.40
51.41
51.36
51.32
51.25
51.20
51.15
51.14
51.11
51.03
51.11
51.04
51.00
50.98
50.93
50.88
50.79
50.81
50.60
50.51
50.59
50.52
50.48
50.43
50.41
50.40
50.36
50.35
50.29
50.28
50.18
50.15
50.16
50.08
50.04
50.01
49.96
49.86
49.78
49.77
49.78
49.71
49.60
49.63
49.57
49.51
49.44
49.45
49.40
49.34
49.35
49.25
49.14
49.14
49.12
49.04
49.00
48.99
48.91
48.84
48.78
48.77
48.71
48.69
48.63
48.57
48.56
48.46
48.43
48.35
48.38
48.35
48.34
48.22
48.16
48.20
48.07
47.98
47.90
47.93
47.81
47.84
47.80
47.79
47.72
47.70
47.68
47.62
47.63
47.66
47.53
47.45
47.38
47.19
47.15
47.12
47.15
47.05
47.05
47.01
46.98
46.92
46.90
46.82
46.78
46.69
46.60
46.62
46.58
46.54
46.48
46.40
46.35
46.29
46.26
46.27
46.24
46.17
46.16
46.11
46.05
45.99
45.95
45.90
45.84
45.82
45.21
45.13
45.09
45.25
45.17
45.13
45.12
45.31
45.38
45.39
45.35
45.30
45.19
45.10
45.11
45.08
44.99
44.98
44.92
44.92
44.87
44.85
44.82
44.75
44.74
44.67
44.61
44.57
44.55
44.49
44.45
44.34
44.26
44.25
44.18
44.13
44.11
44.09
44.06
43.99
43.96
43.95
43.85
43.82
43.78
43.79
43.76
43.71
43.69
43.61
43.56
43.55
43.45
43.41
43.40
43.31
43.21
43.17
43.17
43.09
43.03
43.02
42.96
42.95
42.88
42.83
42.84
42.75
42.69
42.64
42.61
42.55
42.49
42.43
42.44
42.39
42.33
42.32
42.32
42.22
42.22
42.16
42.15
42.04
42.02
41.97
41.86
41.81
41.78
41.73
41.65
41.56
41.58
41.56
41.52
41.48
41.46
41.51
41.42
41.33
41.38
41.33
41.26
41.23
41.20
41.13
41.15
41.10
41.06
40.97
40.88
40.81
40.74
40.74
40.65
40.57
40.62
40.53
40.50
40.42
40.41
40.35
40.26
40.24
40.14
40.00
40.00
39.96
39.88
39.88
39.84
39.78
39.71
39.67
39.64
39.58
39.52
39.43
39.44
39.35
39.30
39.22
39.17
39.14
39.05
39.06
39.00
38.91
38.81
38.76
38.77
38.64
38.58
38.58
38.43
38.37
38.33
38.30
38.21
38.14
38.08
37.98
37.92
37.88
37.85
37.80
37.72
37.70
37.62
37.50
37.49
37.41
37.36
37.31
37.26
37.20
37.19
37.10
37.00
36.98
36.95
36.85
36.79
36.70
36.59
36.56
36.48
36.40
36.32
36.24
36.18
36.07
36.00
35.91
35.85
35.82
35.73
19.72
12.20
12.12
12.05
11.96
11.89
11.80
11.73
11.66
11.58
11.52
11.44
11.35
11.26
11.18
11.11
11.03
10.97
10.88
10.78
10.68
10.60
10.52
10.43
10.32
10.23
10.14
10.04
9.95
9.86
9.78
9.68
9.59
9.49
9.38
9.29
9.21
9.10
9.02
8.92
8.83
8.74
8.65
8.55
8.44
8.33
8.23
8.14
8.04
7.95
7.83
7.75
7.65
7.55
16.28
10.71
25.66
26.62
8.19
6.94
6.83
6.71
6.61
6.51
6.43
6.32
6.20
6.11
6.00
5.90
5.79
5.69
5.60
5.49
5.38
5.27
5.15
5.06
4.94
4.84
4.74
4.60
4.37
4.03
3.61
3.16
2.74
2.37
2.05
1.77
1.52
1.29
1.09
0.94
0.82
0.75
0.72
0.70
0.68
0.66
0.65
0.63
0.61
0.60
0.58
0.56
0.55
0.53
0.52
0.50
0.48
0.47
0.45
0.43
0.41
0.39
0.37
0.36
0.34
0.33
0.31
0.29
0.28
0.26
0.25
0.24
0.22
0.21
0.20
0.19
0.18
0.17
0.16
0.15
0.14
0.13
0.12
0.12
0.11
0.10
0.10
0.09
0.08
0.08
0.07
0.07
0.06
0.06
0.06
0.05
0.05
0.05
0.04
0.04
0.04
0.03
0.04
0.03
0.03
0.03
0.03
0.02
0.02
0.02
0.02
0.02
0.02
0.02
0.02
0.02
0.02
0.02
0.01
0.02
0.01
0.01
0.01
0.01
0.01
0.01
0.01
0.01
0.01
0.01
0.01
0.01
0.01
0.01
0.01
0.01
0.01
0.01
0.01
0.01
0.01
0.01
0.01
0.01
0.01
0.01
0.01
0.01
0.01
0.01
0.01
0.01
0.01
0.01
0.01
0.01
0.01
0.01
0.01
0.01
0.01
0.01
0.01
0.01
0.01
0.01
0.01
0.01
0.01
0.01
0.01
0.01
0.01
0.01
0.01
0.01
0.01
0.01
0.01
0.01
0.01
0.01
0.01
0.01
0.01
0.01
0.01
0.01
0.01
0.01
0.01
0.01
0.01
0.01
0.01
0.01
0.01
0.01
0.01
0.01
0.01
0.01
0.01
0.01
0.01
0.01
0.01
0.01
0.01
0.01
0.01
0.01
0.01
0.01
0.01
0.01
0.01
0.01
0.01
0.01
0.01
0.01
0.01
0.01
0.01
0.01
0.01
0.01
0.01
0.01
0.01
0.01
0.01
0.01
0.01
0.01
0.01
0.01
0.01
0.01
0.01
0.01
0.01
0.01
0.01
0.01
0.01
0.01
0.01
0.01
0.01
0.01
0.01
0.01
0.01
0.01
0.01
0.01
0.01
0.01
0.01
0.01
0.01
0.01
0.01
0.01
0.01
0.01
0.01
0.01
0.01
0.01
0.01
0.01
0.01
0.01
0.01
0.01
0.01
0.01
0.01
0.01
0.01
0.01
0.01
0.01
0.01
0.01
0.01
0.01
0.01
0.01
0.01
0.01
0.01
0.01
0.01
0.01
0.01
0.01
0.01
0.01
0.01
0.01
0.01
0.01
0.01
0.01
0.01
0.01
0.01
0.01
0.01
0.01
0.01
0.01
0.01
0.01
0.01
0.01
0.01
0.01
0.01
0.01
0.01
0.01
0.01
0.01
0.01
0.01
0.01
0.01
0.01
0.01
0.01
0.01
0.01
0.01
0.01
0.01
0.01
0.01
0.01
0.01
0.01
0.01
0.01
0.01
0.01
0.01
0.01
0.01
0.01
0.01
0.01
0.01
0.01
0.01
0.01
0.01
0.01
0.01
0.01
0.01
0.01
0.01
0.01
0.01
0.01
0.01
0.01
0.01
0.01
0.01
0.01
0.01
0.01
0.01
0.01
0.01
0.01
0.01
0.01
0.01
0.01
0.01
0.01
0.01
0.01
0.01
0.01
0.01
0.01
0.01
0.01
0.01
0.01
0.01
0.01
0.01
0.01
0.01
0.01
0.01
0.01
0.01
0.01
0.01
0.01
0.01
0.01
0.01
0.01
0.01
0.01
0.01
0.01
0.01
0.01
0.01
0.01
0.01
0.01
0.01
0.01
0.01
0.01
0.01
0.01
0.01
0.01
0.01
0.01
0.01
0.01
0.01
0.01
0.01
0.01
0.01
0.01
0.01
0.01
0.01
0.01
0.01
0.01
0.01
0.01
0.01
0.01
0.01
0.01
0.01
0.01
0.01
0.01
0.01
0.01
0.01
0.01
0.01
0.01
0.01
0.01
0.01
0.01
0.01
0.01
0.01
0.01
0.01
0.01
0.01
0.01
0.01
0.01
0.01
0.01
0.01
0.01
0.01
0.01
0.01
0.01
0.01
0.01
0.01
0.01
0.01
0.01
0.01
0.01
0.01
0.01
0.01
0.01
0.01
0.01
0.01
0.01
0.01
0.01
0.01
0.01
0.01
0.01
0.01
0.01
0.01
0.01
0.01
0.01
0.01
0.01
0.01
0.01
0.01
0.01
0.01
0.01
0.01
0.01
0.01
0.01
0.01
0.01
0.01
0.01
0.01
0.01
0.01
0.01
0.01
0.01
0.01
0.01
0.01
0.01
0.01
0.01
0.01
0.01
0.01
0.01
0.01
0.01
0.01
0.01
0.01
0.01
0.01
0.01
0.01
0.01
0.01
0.01
0.01
0.01
0.01
0.01
0.01
0.01
0.01
0.01
0.01
0.01
0.01
0.01
0.01
0.01
0.01
0.01
0.01
0.01
0.01
0.01
0.01
0.01
0.01
0.01
0.01
0.01
0.01
0.01
0.01
0.01
0.01
0.01
0.01
0.01
0.01
0.01
0.01
0.01
0.01
0.01
0.01
0.01
0.01
0.01
0.01
0.01
0.01
0.01
0.01
0.01
0.01
0.01
0.01
0.01
0.01
0.01
0.01
0.01
0.01
0.01
0.01
0.01
0.01
0.01
0.01
0.01
0.01
0.01
0.01
0.01
0.01
0.01
0.01
0.01
0.01
0.01
0.01
0.01
0.01
0.01
0.01
0.01
0.01
0.01
0.01
0.01
0.01
0.01
0.01
0.01
0.01
0.01
0.01
0.01
0.01
0.01
0.01
